Year,Month,Region,Class,Tension_Type,Indicator,Consumption_Gwh,T_avg,T_max,T_min,Hot_days,Cold_days,El_price,Event,Eff_intervention
2019,10,10,SIDERURGIA,3,55.77,693.40,17,22,13,18,0,52.38,0,0
2019,9,10,SIDERURGIA,3,55.66,691.93,21,26,16,25,0,52.11,0,0
2019,3,10,SIDERURGIA,3,55.65,691.83,12,18,7,8,5,52.83,0,0
2019,5,10,SIDERURGIA,3,54.44,676.85,14,19,10,5,2,50.68,0,0
2019,7,10,SIDERURGIA,3,52.39,651.37,26,32,19,31,0,51.95,0,0
2019,11,10,SIDERURGIA,3,51.85,644.59,12,16,9,1,4,53.74,0,0
2019,6,10,SIDERURGIA,3,51.62,641.81,24,30,18,28,0,48.15,0,0
2019,2,10,SIDERURGIA,3,50.90,632.78,9,14,4,0,15,59.41,0,0
2019,1,10,SIDERURGIA,3,48.44,602.20,6,10,2,0,22,67.65,0,0
2019,4,10,SIDERURGIA,3,46.52,578.35,15,20,10,12,1,52.24,0,0
2019,12,10,SIDERURGIA,3,32.38,402.56,9,13,5,0,14,48.58,0,0
2019,8,10,SIDERURGIA,3,23.38,290.73,26,31,20,31,0,46.75,0,0
2019,3,7,SIDERURGIA,3,15.22,189.25,12,18,7,8,5,52.83,0,0
2019,10,7,SIDERURGIA,3,15.03,186.85,17,22,13,18,0,52.38,0,0
2019,7,7,SIDERURGIA,3,14.59,181.34,26,32,19,31,0,51.95,0,0
2019,6,7,SIDERURGIA,3,14.38,178.83,24,30,18,28,0,48.15,0,0
2019,3,21,SIDERURGIA,3,14.34,178.31,12,18,7,8,5,52.83,0,0
2019,2,7,SIDERURGIA,3,14.29,177.63,9,14,4,0,15,59.41,0,0
2019,5,7,SIDERURGIA,3,14.18,176.32,14,19,10,5,2,50.68,0,0
2019,9,7,SIDERURGIA,3,14.15,175.87,21,26,16,25,0,52.11,0,0
2019,5,21,SIDERURGIA,3,13.76,171.12,14,19,10,5,2,50.68,0,0
2019,10,21,SIDERURGIA,3,13.68,170.09,17,22,13,18,0,52.38,0,0
2019,4,7,SIDERURGIA,3,13.57,168.72,15,20,10,12,1,52.24,0,0
2019,11,7,SIDERURGIA,3,13.54,168.29,12,16,9,1,4,53.74,0,0
2019,11,21,SIDERURGIA,3,13.50,167.79,12,16,9,1,4,53.74,0,0
2019,2,21,SIDERURGIA,3,13.28,165.10,9,14,4,0,15,59.41,0,0
2019,9,21,SIDERURGIA,3,13.26,164.82,21,26,16,25,0,52.11,0,0
2019,6,21,SIDERURGIA,3,13.03,162.04,24,30,18,28,0,48.15,0,0
2019,7,21,SIDERURGIA,3,12.74,158.36,26,32,19,31,0,51.95,0,0
2019,4,21,SIDERURGIA,3,12.30,152.95,15,20,10,12,1,52.24,0,0
2019,1,7,SIDERURGIA,3,12.20,151.66,6,10,2,0,22,67.65,0,0
2019,1,21,SIDERURGIA,3,12.08,150.17,6,10,2,0,22,67.65,0,0
2019,10,10,CHIMICA,3,48.93,135.64,17,22,13,18,0,52.38,0,0
2019,7,10,CHIMICA,3,47.78,132.46,26,32,19,31,0,51.95,0,0
2019,3,10,CHIMICA,3,46.93,130.10,12,18,7,8,5,52.83,0,0
2019,6,10,CHIMICA,3,45.33,125.67,24,30,18,28,0,48.15,0,0
2019,5,10,CHIMICA,3,45.25,125.46,14,19,10,5,2,50.68,0,0
2019,9,10,CHIMICA,3,45.10,125.04,21,26,16,25,0,52.11,0,0
2019,11,10,CHIMICA,3,44.27,122.73,12,16,9,1,4,53.74,0,0
2019,12,7,SIDERURGIA,3,9.36,116.41,9,13,5,0,14,48.58,0,0
2019,12,21,SIDERURGIA,3,9.28,115.38,9,13,5,0,14,48.58,0,0
2019,2,10,CHIMICA,3,40.99,113.65,9,14,4,0,15,59.41,0,0
2019,4,10,CHIMICA,3,40.14,111.28,15,20,10,12,1,52.24,0,0
2019,1,10,CHIMICA,3,40.10,111.16,6,10,2,0,22,67.65,0,0
2019,3,10,METALLI NON FERROSI,3,46.98,102.70,12,18,7,8,5,52.83,0,0
2019,12,10,CHIMICA,3,36.65,101.61,9,13,5,0,14,48.58,0,0
2019,7,19,SIDERURGIA,3,7.97,99.08,26,32,19,31,0,51.95,0,0
2019,9,10,METALLI NON FERROSI,3,44.27,96.78,21,26,16,25,0,52.11,0,0
2019,5,10,METALLI NON FERROSI,3,43.98,96.14,14,19,10,5,2,50.68,0,0
2019,2,10,METALLI NON FERROSI,3,43.31,94.68,9,14,4,0,15,59.41,0,0
2019,1,10,METALLI NON FERROSI,3,43.07,94.14,6,10,2,0,22,67.65,0,0
2019,5,19,SIDERURGIA,3,7.56,93.96,14,19,10,5,2,50.68,0,0
2019,11,19,SIDERURGIA,3,7.51,93.39,12,16,9,1,4,53.74,0,0
2019,10,19,SIDERURGIA,3,7.43,92.38,17,22,13,18,0,52.38,0,0
2019,3,19,SIDERURGIA,3,7.35,91.43,12,18,7,8,5,52.83,0,0
2019,10,10,METALLI NON FERROSI,3,40.62,88.80,17,22,13,18,0,52.38,0,0
2019,4,19,SIDERURGIA,3,7.12,88.51,15,20,10,12,1,52.24,0,0
2019,8,10,CHIMICA,3,31.58,87.54,26,31,20,31,0,46.75,0,0
2019,8,7,SIDERURGIA,3,7.02,87.25,26,31,20,31,0,46.75,0,0
2019,6,19,SIDERURGIA,3,6.96,86.56,24,30,18,28,0,48.15,0,0
2019,7,10,METALLI NON FERROSI,3,38.93,85.09,26,32,19,31,0,51.95,0,0
2019,9,19,SIDERURGIA,3,6.74,83.85,21,26,16,25,0,52.11,0,0
2019,1,19,SIDERURGIA,3,6.73,83.61,6,10,2,0,22,67.65,0,0
2019,6,10,METALLI NON FERROSI,3,37.01,80.90,24,30,18,28,0,48.15,0,0
2019,2,19,SIDERURGIA,3,6.35,78.89,9,14,4,0,15,59.41,0,0
2019,4,10,METALLI NON FERROSI,3,34.98,76.46,15,20,10,12,1,52.24,0,0
2019,11,10,METALLI NON FERROSI,3,34.43,75.25,12,16,9,1,4,53.74,0,0
2019,3,10,ALTRI,3,23.28,69.18,12,18,7,8,5,52.83,0,0
2019,7,10,ALTRI,3,22.51,66.90,26,32,19,31,0,51.95,0,0
2019,12,15,METALLI NON FERROSI,3,29.43,64.34,9,13,5,0,14,48.58,0,0
2019,12,19,SIDERURGIA,3,5.17,64.29,9,13,5,0,14,48.58,0,0
2019,1,15,METALLI NON FERROSI,3,29.37,64.19,6,10,2,0,22,67.65,0,0
2019,8,21,SIDERURGIA,3,5.15,64.07,26,31,20,31,0,46.75,0,0
2019,10,10,ALTRI,3,21.31,63.31,17,22,13,18,0,52.38,0,0
2019,1,10,ALTRI,3,21.24,63.11,6,10,2,0,22,67.65,0,0
2019,10,15,METALLI NON FERROSI,3,28.80,62.95,17,22,13,18,0,52.38,0,0
2019,11,15,METALLI NON FERROSI,3,28.62,62.56,12,16,9,1,4,53.74,0,0
2019,6,10,ALTRI,3,21.05,62.55,24,30,18,28,0,48.15,0,0
2019,2,10,ALTRI,3,20.86,61.98,9,14,4,0,15,59.41,0,0
2019,4,15,METALLI NON FERROSI,3,27.98,61.16,15,20,10,12,1,52.24,0,0
2019,5,10,ALTRI,3,20.58,61.14,14,19,10,5,2,50.68,0,0
2019,5,15,METALLI NON FERROSI,3,27.91,61.00,14,19,10,5,2,50.68,0,0
2019,9,10,ALTRI,3,20.41,60.66,21,26,16,25,0,52.11,0,0
2019,4,10,ALTRI,3,20.32,60.39,15,20,10,12,1,52.24,0,0
2019,8,15,METALLI NON FERROSI,3,27.22,59.49,26,31,20,31,0,46.75,0,0
2019,9,15,METALLI NON FERROSI,3,27.15,59.35,21,26,16,25,0,52.11,0,0
2019,12,10,METALLI NON FERROSI,3,27.14,59.33,9,13,5,0,14,48.58,0,0
2019,3,15,METALLI NON FERROSI,3,26.90,58.81,12,18,7,8,5,52.83,0,0
2019,2,15,METALLI NON FERROSI,3,25.91,56.64,9,14,4,0,15,59.41,0,0
2019,6,15,METALLI NON FERROSI,3,25.85,56.51,24,30,18,28,0,48.15,0,0
2019,11,10,ALTRI,3,18.94,56.27,12,16,9,1,4,53.74,0,0
2019,7,15,CHIMICA,3,19.55,54.20,26,32,19,31,0,51.95,0,0
2019,12,15,CHIMICA,3,19.52,54.11,9,13,5,0,14,48.58,0,0
2019,8,15,CHIMICA,3,18.88,52.35,26,31,20,31,0,46.75,0,0
2019,6,15,CHIMICA,3,18.81,52.16,24,30,18,28,0,48.15,0,0
2019,11,15,CHIMICA,3,18.67,51.76,12,16,9,1,4,53.74,0,0
2019,7,10,MECCANICA,3,26.95,51.62,26,32,19,31,0,51.95,0,0
2019,9,15,CHIMICA,3,18.39,50.98,21,26,16,25,0,52.11,0,0
2019,7,15,METALLI NON FERROSI,3,23.30,50.93,26,32,19,31,0,51.95,0,0
2019,2,6,ALTRI,2,24.90,50.42,9,14,4,0,15,59.41,0,0
2019,12,10,ALTRI,3,16.52,49.08,9,13,5,0,14,48.58,0,0
2019,3,15,CHIMICA,3,17.68,49.02,12,18,7,8,5,52.83,0,0
2019,10,10,MECCANICA,3,25.37,48.60,17,22,13,18,0,52.38,0,0
2019,3,6,ALTRI,2,23.96,48.50,12,18,7,8,5,52.83,0,0
2019,5,10,MECCANICA,3,25.23,48.33,14,19,10,5,2,50.68,0,0
2019,6,10,MECCANICA,3,25.13,48.14,24,30,18,28,0,48.15,0,0
2019,3,10,MECCANICA,3,25.05,47.99,12,18,7,8,5,52.83,0,0
2019,1,10,MECCANICA,3,24.95,47.79,6,10,2,0,22,67.65,0,0
2019,10,6,ALTRI,2,23.56,47.71,17,22,13,18,0,52.38,0,0
2019,7,6,ALTRI,2,23.11,46.78,26,32,19,31,0,51.95,0,0
2019,9,10,MECCANICA,3,24.32,46.59,21,26,16,25,0,52.11,0,0
2019,8,10,ALTRI,3,15.62,46.40,26,31,20,31,0,46.75,0,0
2019,10,15,CHIMICA,3,16.52,45.80,17,22,13,18,0,52.38,0,0
2019,9,7,ALTRI,3,15.36,45.65,21,26,16,25,0,52.11,0,0
2019,5,6,ALTRI,2,22.51,45.57,14,19,10,5,2,50.68,0,0
2019,1,15,CHIMICA,3,16.30,45.20,6,10,2,0,22,67.65,0,0
2019,2,10,MECCANICA,3,23.54,45.09,9,14,4,0,15,59.41,0,0
2019,4,10,MECCANICA,3,23.40,44.82,15,20,10,12,1,52.24,0,0
2019,2,15,CHIMICA,3,16.13,44.72,9,14,4,0,15,59.41,0,0
2019,11,10,MECCANICA,3,23.23,44.50,12,16,9,1,4,53.74,0,0
2019,6,6,ALTRI,2,21.87,44.28,24,30,18,28,0,48.15,0,0
2019,9,6,ALTRI,2,21.57,43.66,21,26,16,25,0,52.11,0,0
2019,11,6,ALTRI,2,21.56,43.66,12,16,9,1,4,53.74,0,0
2019,7,17,CARTARIA,2,82.06,43.41,26,32,19,31,0,51.95,0,0
2019,1,13,MECCANICA,3,22.36,42.82,6,10,2,0,22,67.65,0,0
2019,7,10,ALTRI,2,21.09,42.70,26,32,19,31,0,51.95,0,0
2019,3,10,ALTRI,2,21.00,42.52,12,18,7,8,5,52.83,0,0
2019,7,6,MECCANICA,3,22.03,42.20,26,32,19,31,0,51.95,0,0
2019,5,15,CHIMICA,3,15.22,42.19,14,19,10,5,2,50.68,0,0
2019,5,6,MECCANICA,3,21.94,42.02,14,19,10,5,2,50.68,0,0
2019,8,19,SIDERURGIA,3,3.37,41.84,26,31,20,31,0,46.75,0,0
2019,10,10,ALTRI,2,20.63,41.77,17,22,13,18,0,52.38,0,0
2019,5,17,CARTARIA,2,78.85,41.71,14,19,10,5,2,50.68,0,0
2019,11,7,ALTRI,3,14.03,41.69,12,16,9,1,4,53.74,0,0
2019,4,6,ALTRI,2,20.58,41.68,15,20,10,12,1,52.24,0,0
2019,10,6,MECCANICA,3,21.69,41.54,17,22,13,18,0,52.38,0,0
2019,1,17,CARTARIA,2,78.50,41.52,6,10,2,0,22,67.65,0,0
2019,2,13,MECCANICA,3,21.61,41.40,9,14,4,0,15,59.41,0,0
2019,7,7,ALTRI,3,13.85,41.15,26,32,19,31,0,51.95,0,0
2019,3,6,MECCANICA,3,21.47,41.13,12,18,7,8,5,52.83,0,0
2019,6,10,ALTRI,2,20.30,41.10,24,30,18,28,0,48.15,0,0
2019,6,17,CARTARIA,2,77.45,40.97,24,30,18,28,0,48.15,0,0
2019,5,10,ALTRI,2,20.14,40.78,14,19,10,5,2,50.68,0,0
2019,5,13,MECCANICA,3,21.19,40.59,14,19,10,5,2,50.68,0,0
2019,9,10,ALTRI,2,20.05,40.59,21,26,16,25,0,52.11,0,0
2019,12,10,MECCANICA,3,21.18,40.57,9,13,5,0,14,48.58,0,0
2019,2,7,ALTRI,3,13.64,40.52,9,14,4,0,15,59.41,0,0
2019,3,17,CARTARIA,2,76.35,40.39,12,18,7,8,5,52.83,0,0
2019,7,16,CHIMICA,3,14.55,40.33,26,32,19,31,0,51.95,0,0
2019,3,13,MECCANICA,3,20.99,40.21,12,18,7,8,5,52.83,0,0
2019,9,6,MECCANICA,3,20.91,40.06,21,26,16,25,0,52.11,0,0
2019,6,7,ALTRI,3,13.47,40.02,24,30,18,28,0,48.15,0,0
2019,3,7,ALTRI,3,13.45,39.96,12,18,7,8,5,52.83,0,0
2019,10,7,ALTRI,3,13.44,39.93,17,22,13,18,0,52.38,0,0
2019,11,10,ALTRI,2,19.70,39.89,12,16,9,1,4,53.74,0,0
2019,1,7,ALTRI,3,13.36,39.69,6,10,2,0,22,67.65,0,0
2019,6,6,MECCANICA,3,20.70,39.65,24,30,18,28,0,48.15,0,0
2019,11,6,MECCANICA,3,20.67,39.60,12,16,9,1,4,53.74,0,0
2019,3,13,ALTRI,3,13.31,39.55,12,18,7,8,5,52.83,0,0
2019,2,10,ALTRI,2,19.52,39.52,9,14,4,0,15,59.41,0,0
2019,5,13,ALTRI,3,13.23,39.32,14,19,10,5,2,50.68,0,0
2019,6,13,MECCANICA,3,20.50,39.27,24,30,18,28,0,48.15,0,0
2019,4,13,MECCANICA,3,20.49,39.25,15,20,10,12,1,52.24,0,0
2019,4,6,MECCANICA,3,20.46,39.18,15,20,10,12,1,52.24,0,0
2019,11,16,CHIMICA,3,14.06,38.98,12,16,9,1,4,53.74,0,0
2019,7,13,MECCANICA,3,20.33,38.94,26,32,19,31,0,51.95,0,0
2019,1,6,ALTRI,2,19.13,38.73,6,10,2,0,22,67.65,0,0
2019,8,10,MECCANICA,3,20.17,38.63,26,31,20,31,0,46.75,0,0
2019,4,15,CHIMICA,3,13.92,38.58,15,20,10,12,1,52.24,0,0
2019,5,7,ALTRI,3,12.87,38.24,14,19,10,5,2,50.68,0,0
2019,9,16,CHIMICA,3,13.46,37.31,21,26,16,25,0,52.11,0,0
2019,2,6,MECCANICA,3,19.43,37.21,9,14,4,0,15,59.41,0,0
2019,4,17,CARTARIA,2,70.30,37.19,15,20,10,12,1,52.24,0,0
2019,4,10,ALTRI,2,18.27,36.99,15,20,10,12,1,52.24,0,0
2019,1,10,ALTRI,2,18.17,36.78,6,10,2,0,22,67.65,0,0
2019,1,6,MECCANICA,3,19.13,36.64,6,10,2,0,22,67.65,0,0
2019,3,2,SIDERURGIA,3,2.93,36.37,12,18,7,8,5,52.83,0,0
2019,8,16,CHIMICA,3,13.06,36.21,26,31,20,31,0,46.75,0,0
2019,2,17,CARTARIA,2,68.39,36.18,9,14,4,0,15,59.41,0,0
2019,7,5,MEZZI DI TRASPORTO,3,37.81,35.99,26,32,19,31,0,51.95,0,0
2019,10,17,CARTARIA,2,67.66,35.79,17,22,13,18,0,52.38,0,0
2019,8,10,METALLI NON FERROSI,3,16.33,35.70,26,31,20,31,0,46.75,0,0
2019,4,7,ALTRI,3,11.94,35.48,15,20,10,12,1,52.24,0,0
2019,12,16,CHIMICA,3,12.68,35.14,9,13,5,0,14,48.58,0,0
2019,7,2,SIDERURGIA,3,2.81,34.91,26,32,19,31,0,51.95,0,0
2019,9,13,MECCANICA,3,18.09,34.65,21,26,16,25,0,52.11,0,0
2019,11,13,MECCANICA,3,18.08,34.64,12,16,9,1,4,53.74,0,0
2019,12,7,ALTRI,3,11.65,34.63,9,13,5,0,14,48.58,0,0
2019,11,17,CARTARIA,2,65.29,34.54,12,16,9,1,4,53.74,0,0
2019,10,16,CHIMICA,3,12.45,34.51,17,22,13,18,0,52.38,0,0
2019,4,16,CHIMICA,3,12.42,34.43,15,20,10,12,1,52.24,0,0
2019,7,21,ALTRI,2,16.84,34.10,26,32,19,31,0,51.95,0,0
2019,10,2,SIDERURGIA,3,2.74,34.02,17,22,13,18,0,52.38,0,0
2019,1,16,ALTRI,3,11.45,34.02,6,10,2,0,22,67.65,0,0
2019,9,17,CARTARIA,2,63.92,33.81,21,26,16,25,0,52.11,0,0
2019,10,21,ALTRI,2,16.60,33.61,17,22,13,18,0,52.38,0,0
2019,1,13,SIDERURGIA,3,2.69,33.44,6,10,2,0,22,67.65,0,0
2019,7,14,SIDERURGIA,3,2.68,33.33,26,32,19,31,0,51.95,0,0
2019,5,21,ALTRI,2,16.44,33.29,14,19,10,5,2,50.68,0,0
2019,6,2,SIDERURGIA,3,2.67,33.23,24,30,18,28,0,48.15,0,0
2019,10,13,MECCANICA,3,17.33,33.19,17,22,13,18,0,52.38,0,0
2019,3,21,ALTRI,2,16.26,32.92,12,18,7,8,5,52.83,0,0
2019,2,16,CHIMICA,3,11.80,32.71,9,14,4,0,15,59.41,0,0
2019,2,2,SIDERURGIA,3,2.62,32.55,9,14,4,0,15,59.41,0,0
2019,8,17,CARTARIA,2,61.36,32.46,26,31,20,31,0,46.75,0,0
2019,1,16,CHIMICA,3,11.68,32.37,6,10,2,0,22,67.65,0,0
2019,11,2,SIDERURGIA,3,2.60,32.31,12,16,9,1,4,53.74,0,0
2019,7,10,METALLI NON FERROSI,2,44.51,31.78,26,32,19,31,0,51.95,0,0
2019,12,17,CARTARIA,2,60.04,31.76,9,13,5,0,14,48.58,0,0
2019,3,10,METALLI NON FERROSI,2,44.33,31.66,12,18,7,8,5,52.83,0,0
2019,7,13,ALTRI,3,10.60,31.49,26,32,19,31,0,51.95,0,0
2019,6,21,ALTRI,2,15.51,31.39,24,30,18,28,0,48.15,0,0
2019,4,21,ALTRI,2,15.47,31.33,15,20,10,12,1,52.24,0,0
2019,12,13,MECCANICA,3,16.24,31.11,9,13,5,0,14,48.58,0,0
2019,12,10,ALTRI,2,15.34,31.05,9,13,5,0,14,48.58,0,0
2019,9,2,SIDERURGIA,3,2.49,30.97,21,26,16,25,0,52.11,0,0
2019,9,21,ALTRI,2,15.17,30.71,21,26,16,25,0,52.11,0,0
2019,3,16,ALTRI,2,15.11,30.60,12,18,7,8,5,52.83,0,0
2019,1,21,ALTRI,2,15.06,30.49,6,10,2,0,22,67.65,0,0
2019,10,10,METALLI NON FERROSI,2,42.64,30.45,17,22,13,18,0,52.38,0,0
2019,8,6,MECCANICA,3,15.88,30.42,26,31,20,31,0,46.75,0,0
2019,10,13,ALTRI,3,10.17,30.22,17,22,13,18,0,52.38,0,0
2019,6,5,MEZZI DI TRASPORTO,3,31.71,30.18,24,30,18,28,0,48.15,0,0
2019,11,21,ALTRI,2,14.86,30.08,12,16,9,1,4,53.74,0,0
2019,7,16,ALTRI,2,14.86,30.08,26,32,19,31,0,51.95,0,0
2019,8,7,ALTRI,3,10.09,29.97,26,31,20,31,0,46.75,0,0
2019,5,10,METALLI NON FERROSI,2,41.70,29.78,14,19,10,5,2,50.68,0,0
2019,6,10,METALLI NON FERROSI,2,41.39,29.56,24,30,18,28,0,48.15,0,0
2019,2,10,METALLI NON FERROSI,2,41.30,29.50,9,14,4,0,15,59.41,0,0
2019,11,10,METALLI NON FERROSI,2,41.28,29.48,12,16,9,1,4,53.74,0,0
2019,4,13,ALTRI,3,9.86,29.31,15,20,10,12,1,52.24,0,0
2019,9,13,ALTRI,3,9.85,29.27,21,26,16,25,0,52.11,0,0
2019,9,5,MEZZI DI TRASPORTO,3,30.64,29.16,21,26,16,25,0,52.11,0,0
2019,10,16,ALTRI,2,14.37,29.09,17,22,13,18,0,52.38,0,0
2019,5,2,SIDERURGIA,3,2.33,28.98,14,19,10,5,2,50.68,0,0
2019,8,21,ALTRI,2,14.30,28.96,26,31,20,31,0,46.75,0,0
2019,6,13,ALTRI,3,9.72,28.88,24,30,18,28,0,48.15,0,0
2019,2,21,ALTRI,2,14.23,28.80,9,14,4,0,15,59.41,0,0
2019,12,6,ALTRI,2,14.20,28.75,9,13,5,0,14,48.58,0,0
2019,7,21,CHIMICA,3,10.36,28.72,26,32,19,31,0,51.95,0,0
2019,1,16,ALTRI,2,14.18,28.70,6,10,2,0,22,67.65,0,0
2019,9,10,METALLI NON FERROSI,2,40.01,28.57,21,26,16,25,0,52.11,0,0
2019,4,2,SIDERURGIA,3,2.29,28.52,15,20,10,12,1,52.24,0,0
2019,3,20,SIDERURGIA,3,2.28,28.40,12,18,7,8,5,52.83,0,0
2019,8,16,MECCANICA,3,14.74,28.23,26,31,20,31,0,46.75,0,0
2019,1,2,SIDERURGIA,3,2.26,28.08,6,10,2,0,22,67.65,0,0
2019,11,13,ALTRI,3,9.41,27.95,12,16,9,1,4,53.74,0,0
2019,7,16,MECCANICA,3,14.58,27.93,26,32,19,31,0,51.95,0,0
2019,5,13,SIDERURGIA,3,2.23,27.71,14,19,10,5,2,50.68,0,0
2019,5,10,CEMENTO CALCE E GESSO,3,19.00,27.70,14,19,10,5,2,50.68,0,0
2019,7,13,SIDERURGIA,3,2.22,27.56,26,32,19,31,0,51.95,0,0
2019,5,5,MEZZI DI TRASPORTO,3,28.69,27.31,14,19,10,5,2,50.68,0,0
2019,9,16,ALTRI,2,13.46,27.26,21,26,16,25,0,52.11,0,0
2019,1,13,ALTRI,3,9.17,27.24,6,10,2,0,22,67.65,0,0
2019,11,16,ALTRI,2,13.40,27.14,12,16,9,1,4,53.74,0,0
2019,12,16,ALTRI,2,13.38,27.08,9,13,5,0,14,48.58,0,0
2019,12,6,MECCANICA,3,14.00,26.82,9,13,5,0,14,48.58,0,0
2019,8,16,ALTRI,2,13.24,26.80,26,31,20,31,0,46.75,0,0
2019,1,5,MEZZI DI TRASPORTO,3,28.06,26.71,6,10,2,0,22,67.65,0,0
2019,12,21,ALTRI,2,13.18,26.68,9,13,5,0,14,48.58,0,0
2019,9,6,ALTRI,3,8.95,26.60,21,26,16,25,0,52.11,0,0
2019,1,21,CHIMICA,3,9.58,26.57,6,10,2,0,22,67.65,0,0
2019,4,16,ALTRI,2,13.09,26.51,15,20,10,12,1,52.24,0,0
2019,7,10,CEMENTO CALCE E GESSO,3,18.03,26.29,26,32,19,31,0,51.95,0,0
2019,1,10,METALLI NON FERROSI,2,36.71,26.21,6,10,2,0,22,67.65,0,0
2019,3,5,MEZZI DI TRASPORTO,3,27.54,26.21,12,18,7,8,5,52.83,0,0
2019,8,14,ALTRI,3,8.78,26.10,26,31,20,31,0,46.75,0,0
2019,4,10,METALLI NON FERROSI,2,36.51,26.07,15,20,10,12,1,52.24,0,0
2019,3,21,CHIMICA,3,9.37,25.98,12,18,7,8,5,52.83,0,0
2019,6,6,ALTRI,3,8.74,25.96,24,30,18,28,0,48.15,0,0
2019,6,16,MECCANICA,3,13.55,25.95,24,30,18,28,0,48.15,0,0
2019,1,20,SIDERURGIA,3,2.08,25.90,6,10,2,0,22,67.65,0,0
2019,2,16,ALTRI,2,12.73,25.78,9,14,4,0,15,59.41,0,0
2019,10,5,MEZZI DI TRASPORTO,3,27.06,25.76,17,22,13,18,0,52.38,0,0
2019,2,13,ALTRI,3,8.67,25.75,9,14,4,0,15,59.41,0,0
2019,3,10,CEMENTO CALCE E GESSO,3,17.59,25.65,12,18,7,8,5,52.83,0,0
2019,9,16,MECCANICA,3,13.38,25.62,21,26,16,25,0,52.11,0,0
2019,10,16,MECCANICA,3,13.38,25.62,17,22,13,18,0,52.38,0,0
2019,6,13,SIDERURGIA,3,2.06,25.56,24,30,18,28,0,48.15,0,0
2019,5,16,ALTRI,2,12.61,25.53,14,19,10,5,2,50.68,0,0
2019,6,16,ALTRI,2,12.52,25.35,24,30,18,28,0,48.15,0,0
2019,2,5,MEZZI DI TRASPORTO,3,26.47,25.19,9,14,4,0,15,59.41,0,0
2019,12,2,SIDERURGIA,3,2.02,25.10,9,13,5,0,14,48.58,0,0
2019,7,14,ALTRI,3,8.39,24.94,26,32,19,31,0,51.95,0,0
2019,11,5,MEZZI DI TRASPORTO,3,26.18,24.92,12,16,9,1,4,53.74,0,0
2019,6,10,CEMENTO CALCE E GESSO,3,17.09,24.92,24,30,18,28,0,48.15,0,0
2019,10,10,CEMENTO CALCE E GESSO,3,17.09,24.92,17,22,13,18,0,52.38,0,0
2019,4,10,CEMENTO CALCE E GESSO,3,17.04,24.85,15,20,10,12,1,52.24,0,0
2019,2,13,SIDERURGIA,3,2.00,24.84,9,14,4,0,15,59.41,0,0
2019,7,6,ALTRI,3,8.36,24.83,26,32,19,31,0,51.95,0,0
2019,7,14,MEZZI DI TRASPORTO,3,25.99,24.74,26,32,19,31,0,51.95,0,0
2019,5,20,SIDERURGIA,3,1.99,24.69,14,19,10,5,2,50.68,0,0
2019,8,13,ALTRI,3,8.28,24.60,26,31,20,31,0,46.75,0,0
2019,5,21,CHIMICA,3,8.87,24.58,14,19,10,5,2,50.68,0,0
2019,5,16,CHIMICA,3,8.84,24.50,14,19,10,5,2,50.68,0,0
2019,5,16,MECCANICA,3,12.78,24.48,14,19,10,5,2,50.68,0,0
2019,3,16,CHIMICA,3,8.78,24.33,12,18,7,8,5,52.83,0,0
2019,1,14,ALTRI,3,8.17,24.28,6,10,2,0,22,67.65,0,0
2019,4,5,MEZZI DI TRASPORTO,3,25.43,24.20,15,20,10,12,1,52.24,0,0
2019,10,6,ALTRI,3,8.13,24.15,17,22,13,18,0,52.38,0,0
2019,6,20,SIDERURGIA,3,1.93,24.04,24,30,18,28,0,48.15,0,0
2019,2,20,SIDERURGIA,3,1.93,24.02,9,14,4,0,15,59.41,0,0
2019,5,16,SIDERURGIA,3,1.93,23.96,14,19,10,5,2,50.68,0,0
2019,10,16,SIDERURGIA,3,1.92,23.88,17,22,13,18,0,52.38,0,0
2019,4,20,SIDERURGIA,3,1.91,23.80,15,20,10,12,1,52.24,0,0
2019,3,13,SIDERURGIA,3,1.90,23.66,12,18,7,8,5,52.83,0,0
2019,3,16,MECCANICA,3,12.34,23.63,12,18,7,8,5,52.83,0,0
2019,10,13,SIDERURGIA,3,1.90,23.60,17,22,13,18,0,52.38,0,0
2019,11,10,CEMENTO CALCE E GESSO,3,16.16,23.57,12,16,9,1,4,53.74,0,0
2019,11,16,SIDERURGIA,3,1.90,23.56,12,16,9,1,4,53.74,0,0
2019,9,13,SIDERURGIA,3,1.89,23.55,21,26,16,25,0,52.11,0,0
2019,2,10,CEMENTO CALCE E GESSO,3,16.13,23.52,9,14,4,0,15,59.41,0,0
2019,11,16,MECCANICA,3,12.20,23.36,12,16,9,1,4,53.74,0,0
2019,12,16,MECCANICA,3,12.19,23.34,9,13,5,0,14,48.58,0,0
2019,6,16,SIDERURGIA,3,1.87,23.31,24,30,18,28,0,48.15,0,0
2019,8,6,ALTRI,2,11.49,23.26,26,31,20,31,0,46.75,0,0
2019,4,16,MECCANICA,3,12.04,23.06,15,20,10,12,1,52.24,0,0
2019,9,14,ALTRI,3,7.73,22.98,21,26,16,25,0,52.11,0,0
2019,1,16,MECCANICA,3,12.00,22.98,6,10,2,0,22,67.65,0,0
2019,5,6,ALTRI,3,7.69,22.86,14,19,10,5,2,50.68,0,0
2019,8,10,ALTRI,2,11.29,22.85,26,31,20,31,0,46.75,0,0
2019,3,6,ALTRI,3,7.63,22.68,12,18,7,8,5,52.83,0,0
2019,10,14,MEZZI DI TRASPORTO,3,23.79,22.64,17,22,13,18,0,52.38,0,0
2019,10,14,ALTRI,3,7.60,22.59,17,22,13,18,0,52.38,0,0
2019,9,14,MEZZI DI TRASPORTO,3,23.62,22.48,21,26,16,25,0,52.11,0,0
2019,12,13,ALTRI,3,7.56,22.47,9,13,5,0,14,48.58,0,0
2019,6,14,MEZZI DI TRASPORTO,3,23.52,22.39,24,30,18,28,0,48.15,0,0
2019,9,16,SIDERURGIA,3,1.80,22.32,21,26,16,25,0,52.11,0,0
2019,12,5,MEZZI DI TRASPORTO,3,23.43,22.30,9,13,5,0,14,48.58,0,0
2019,3,9,SIDERURGIA,3,1.76,21.90,12,18,7,8,5,52.83,0,0
2019,4,6,ALTRI,3,7.37,21.90,15,20,10,12,1,52.24,0,0
2019,6,14,ALTRI,3,7.36,21.87,24,30,18,28,0,48.15,0,0
2019,7,16,SIDERURGIA,3,1.75,21.79,26,32,19,31,0,51.95,0,0
2019,3,16,SIDERURGIA,3,1.75,21.74,12,18,7,8,5,52.83,0,0
2019,10,20,SIDERURGIA,3,1.75,21.73,17,22,13,18,0,52.38,0,0
2019,10,21,CHIMICA,3,7.84,21.73,17,22,13,18,0,52.38,0,0
2019,11,14,ALTRI,3,7.31,21.71,12,16,9,1,4,53.74,0,0
2019,12,13,SIDERURGIA,3,1.71,21.27,9,13,5,0,14,48.58,0,0
2019,10,16,ALTRI,3,7.15,21.24,17,22,13,18,0,52.38,0,0
2019,7,9,SIDERURGIA,3,1.70,21.08,26,32,19,31,0,51.95,0,0
2019,6,16,CHIMICA,3,7.60,21.07,24,30,18,28,0,48.15,0,0
2019,11,14,MEZZI DI TRASPORTO,3,22.08,21.02,12,16,9,1,4,53.74,0,0
2019,4,21,CHIMICA,3,7.58,21.01,15,20,10,12,1,52.24,0,0
2019,6,21,CHIMICA,3,7.57,20.99,24,30,18,28,0,48.15,0,0
2019,2,16,MECCANICA,3,10.95,20.97,9,14,4,0,15,59.41,0,0
2019,11,21,CHIMICA,3,7.52,20.86,12,16,9,1,4,53.74,0,0
2019,5,9,SIDERURGIA,3,1.68,20.85,14,19,10,5,2,50.68,0,0
2019,11,20,SIDERURGIA,3,1.67,20.78,12,16,9,1,4,53.74,0,0
2019,5,21,METALLI NON FERROSI,2,29.01,20.71,14,19,10,5,2,50.68,0,0
2019,10,11,ALTRI,3,6.96,20.68,17,22,13,18,0,52.38,0,0
2019,12,10,CEMENTO CALCE E GESSO,3,14.18,20.67,9,13,5,0,14,48.58,0,0
2019,7,19,ALTRI,3,6.95,20.65,26,32,19,31,0,51.95,0,0
2019,3,11,ALTRI,3,6.94,20.61,12,18,7,8,5,52.83,0,0
2019,11,13,SIDERURGIA,3,1.65,20.51,12,16,9,1,4,53.74,0,0
2019,7,11,ALTRI,3,6.89,20.46,26,32,19,31,0,51.95,0,0
2019,9,21,CHIMICA,3,7.35,20.39,21,26,16,25,0,52.11,0,0
2019,4,9,SIDERURGIA,3,1.63,20.27,15,20,10,12,1,52.24,0,0
2019,7,21,METALLI NON FERROSI,2,28.38,20.27,26,32,19,31,0,51.95,0,0
2019,8,6,ALTRI,3,6.82,20.26,26,31,20,31,0,46.75,0,0
2019,2,6,ALTRI,3,6.82,20.26,9,14,4,0,15,59.41,0,0
2019,8,14,MEZZI DI TRASPORTO,3,21.25,20.23,26,31,20,31,0,46.75,0,0
2019,12,14,ALTRI,3,6.79,20.17,9,13,5,0,14,48.58,0,0
2019,9,20,SIDERURGIA,3,1.61,20.03,21,26,16,25,0,52.11,0,0
2019,12,10,METALLI NON FERROSI,2,28.03,20.02,9,13,5,0,14,48.58,0,0
2019,4,13,SIDERURGIA,3,1.61,20.02,15,20,10,12,1,52.24,0,0
2019,2,21,CHIMICA,3,7.22,20.01,9,14,4,0,15,59.41,0,0
2019,6,11,ALTRI,3,6.73,19.99,24,30,18,28,0,48.15,0,0
2019,9,11,ALTRI,3,6.73,19.99,21,26,16,25,0,52.11,0,0
2019,2,16,SIDERURGIA,3,1.61,19.97,9,14,4,0,15,59.41,0,0
2019,9,9,SIDERURGIA,3,1.61,19.96,21,26,16,25,0,52.11,0,0
2019,4,11,ALTRI,3,6.71,19.95,15,20,10,12,1,52.24,0,0
2019,11,6,ALTRI,3,6.71,19.93,12,16,9,1,4,53.74,0,0
2019,2,14,ALTRI,3,6.70,19.90,9,14,4,0,15,59.41,0,0
2019,8,11,ALTRI,3,6.69,19.89,26,31,20,31,0,46.75,0,0
2019,8,13,MECCANICA,3,10.38,19.89,26,31,20,31,0,46.75,0,0
2019,6,9,SIDERURGIA,3,1.60,19.85,24,30,18,28,0,48.15,0,0
2019,5,14,MEZZI DI TRASPORTO,3,20.81,19.81,14,19,10,5,2,50.68,0,0
2019,5,14,ALTRI,3,6.63,19.70,14,19,10,5,2,50.68,0,0
2019,3,14,ALTRI,3,6.60,19.62,12,18,7,8,5,52.83,0,0
2019,10,9,SIDERURGIA,3,1.58,19.60,17,22,13,18,0,52.38,0,0
2019,4,14,ALTRI,3,6.59,19.57,15,20,10,12,1,52.24,0,0
2019,5,19,ALTRI,3,6.58,19.55,14,19,10,5,2,50.68,0,0
2019,1,6,ALTRI,3,6.57,19.51,6,10,2,0,22,67.65,0,0
2019,3,19,ALTRI,3,6.55,19.46,12,18,7,8,5,52.83,0,0
2019,3,21,METALLI NON FERROSI,3,8.90,19.45,12,18,7,8,5,52.83,0,0
2019,6,19,ALTRI,3,6.54,19.42,24,30,18,28,0,48.15,0,0
2019,5,21,METALLI NON FERROSI,3,8.88,19.41,14,19,10,5,2,50.68,0,0
2019,10,21,METALLI NON FERROSI,2,27.08,19.34,17,22,13,18,0,52.38,0,0
2019,5,11,ALTRI,3,6.50,19.31,14,19,10,5,2,50.68,0,0
2019,10,8,ALTRI,2,9.52,19.27,17,22,13,18,0,52.38,0,0
2019,11,11,ALTRI,3,6.46,19.19,12,16,9,1,4,53.74,0,0
2019,3,14,MEZZI DI TRASPORTO,3,20.14,19.17,12,18,7,8,5,52.83,0,0
2019,3,21,METALLI NON FERROSI,2,26.79,19.13,12,18,7,8,5,52.83,0,0
2019,8,5,MEZZI DI TRASPORTO,3,20.08,19.11,26,31,20,31,0,46.75,0,0
2019,10,21,MECCANICA,3,9.98,19.11,17,22,13,18,0,52.38,0,0
2019,9,8,ALTRI,2,9.43,19.08,21,26,16,25,0,52.11,0,0
2019,6,21,METALLI NON FERROSI,2,26.53,18.95,24,30,18,28,0,48.15,0,0
2019,4,16,SIDERURGIA,3,1.52,18.95,15,20,10,12,1,52.24,0,0
2019,2,9,SIDERURGIA,3,1.52,18.94,9,14,4,0,15,59.41,0,0
2019,2,21,METALLI NON FERROSI,2,26.53,18.94,9,14,4,0,15,59.41,0,0
2019,3,18,SIDERURGIA,3,1.52,18.94,12,18,7,8,5,52.83,0,0
2019,1,14,MEZZI DI TRASPORTO,3,19.84,18.88,6,10,2,0,22,67.65,0,0
2019,1,19,ALTRI,3,6.32,18.79,6,10,2,0,22,67.65,0,0
2019,11,9,SIDERURGIA,3,1.51,18.78,12,16,9,1,4,53.74,0,0
2019,10,19,ALTRI,3,6.32,18.78,17,22,13,18,0,52.38,0,0
2019,7,8,CEMENTO CALCE E GESSO,3,12.86,18.75,26,32,19,31,0,51.95,0,0
2019,4,19,ALTRI,3,6.31,18.74,15,20,10,12,1,52.24,0,0
2019,5,8,ALTRI,2,9.25,18.72,14,19,10,5,2,50.68,0,0
2019,10,10,CHIMICA,2,34.39,18.70,17,22,13,18,0,52.38,0,0
2019,1,21,METALLI NON FERROSI,2,26.18,18.70,6,10,2,0,22,67.65,0,0
2019,7,13,MEZZI DI TRASPORTO,3,19.62,18.67,26,32,19,31,0,51.95,0,0
2019,1,16,SIDERURGIA,3,1.49,18.52,6,10,2,0,22,67.65,0,0
2019,2,16,ALTRI,3,6.23,18.52,9,14,4,0,15,59.41,0,0
2019,1,10,CHIMICA,2,33.92,18.44,6,10,2,0,22,67.65,0,0
2019,3,8,CEMENTO CALCE E GESSO,3,12.62,18.40,12,18,7,8,5,52.83,0,0
2019,9,21,METALLI NON FERROSI,2,25.67,18.33,21,26,16,25,0,52.11,0,0
2019,5,18,SIDERURGIA,3,1.47,18.28,14,19,10,5,2,50.68,0,0
2019,1,10,CEMENTO CALCE E GESSO,3,12.52,18.25,6,10,2,0,22,67.65,0,0
2019,12,14,MEZZI DI TRASPORTO,3,19.14,18.22,9,13,5,0,14,48.58,0,0
2019,6,10,CHIMICA,2,33.49,18.21,24,30,18,28,0,48.15,0,0
2019,4,14,MEZZI DI TRASPORTO,3,19.11,18.19,15,20,10,12,1,52.24,0,0
2019,9,21,METALLI NON FERROSI,3,8.30,18.14,21,26,16,25,0,52.11,0,0
2019,9,10,CHIMICA,2,33.10,18.00,21,26,16,25,0,52.11,0,0
2019,2,21,METALLI NON FERROSI,3,8.23,18.00,9,14,4,0,15,59.41,0,0
2019,5,13,MEZZI DI TRASPORTO,3,18.88,17.97,14,19,10,5,2,50.68,0,0
2019,2,19,ALTRI,3,6.05,17.97,9,14,4,0,15,59.41,0,0
2019,1,13,MEZZI DI TRASPORTO,3,18.88,17.97,6,10,2,0,22,67.65,0,0
2019,11,8,ALTRI,2,8.87,17.96,12,16,9,1,4,53.74,0,0
2019,7,10,CHIMICA,2,33.01,17.95,26,32,19,31,0,51.95,0,0
2019,6,16,CEMENTO CALCE E GESSO,3,12.30,17.93,24,30,18,28,0,48.15,0,0
2019,6,8,ALTRI,3,6.03,17.92,24,30,18,28,0,48.15,0,0
2019,3,6,MECCANICA,2,40.05,17.91,12,18,7,8,5,52.83,0,0
2019,11,19,ALTRI,3,6.02,17.88,12,16,9,1,4,53.74,0,0
2019,5,10,CHIMICA,2,32.87,17.87,14,19,10,5,2,50.68,0,0
2019,9,19,ALTRI,3,6.01,17.86,21,26,16,25,0,52.11,0,0
2019,1,13,CHIMICA,3,6.41,17.78,6,10,2,0,22,67.65,0,0
2019,2,14,MEZZI DI TRASPORTO,3,18.65,17.75,9,14,4,0,15,59.41,0,0
2019,7,21,METALLI NON FERROSI,3,8.10,17.71,26,32,19,31,0,51.95,0,0
2019,9,16,CEMENTO CALCE E GESSO,3,12.10,17.64,21,26,16,25,0,52.11,0,0
2019,6,21,METALLI NON FERROSI,3,8.04,17.58,24,30,18,28,0,48.15,0,0
2019,1,9,SIDERURGIA,3,1.41,17.55,6,10,2,0,22,67.65,0,0
2019,8,8,ALTRI,2,8.66,17.54,26,31,20,31,0,46.75,0,0
2019,5,6,MECCANICA,2,39.23,17.54,14,19,10,5,2,50.68,0,0
2019,7,8,ALTRI,2,8.66,17.53,26,32,19,31,0,51.95,0,0
2019,10,21,METALLI NON FERROSI,3,8.01,17.51,17,22,13,18,0,52.38,0,0
2019,12,8,ALTRI,2,8.64,17.50,9,13,5,0,14,48.58,0,0
2019,1,21,MECCANICA,3,9.12,17.46,6,10,2,0,22,67.65,0,0
2019,6,8,ALTRI,2,8.62,17.45,24,30,18,28,0,48.15,0,0
2019,3,13,MEZZI DI TRASPORTO,3,18.29,17.41,12,18,7,8,5,52.83,0,0
2019,9,21,MECCANICA,3,9.04,17.32,21,26,16,25,0,52.11,0,0
2019,11,10,CHIMICA,2,31.82,17.30,12,16,9,1,4,53.74,0,0
2019,12,11,ALTRI,3,5.82,17.29,9,13,5,0,14,48.58,0,0
2019,7,8,ALTRI,3,5.82,17.28,26,32,19,31,0,51.95,0,0
2019,9,10,CEMENTO CALCE E GESSO,3,11.79,17.19,21,26,16,25,0,52.11,0,0
2019,6,13,MEZZI DI TRASPORTO,3,18.06,17.19,24,30,18,28,0,48.15,0,0
2019,1,21,METALLI NON FERROSI,3,7.84,17.14,6,10,2,0,22,67.65,0,0
2019,7,21,MECCANICA,3,8.93,17.11,26,32,19,31,0,51.95,0,0
2019,10,8,ALTRI,3,5.73,17.03,17,22,13,18,0,52.38,0,0
2019,3,21,CERAMICHE E VETRARIE,3,23.33,16.93,12,18,7,8,5,52.83,0,0
2019,3,16,CEMENTO CALCE E GESSO,3,11.58,16.88,12,18,7,8,5,52.83,0,0
2019,2,8,CEMENTO CALCE E GESSO,3,11.53,16.82,9,14,4,0,15,59.41,0,0
2019,10,21,CERAMICHE E VETRARIE,3,23.17,16.82,17,22,13,18,0,52.38,0,0
2019,8,10,CEMENTO CALCE E GESSO,3,11.53,16.81,26,31,20,31,0,46.75,0,0
2019,4,21,METALLI NON FERROSI,2,23.54,16.81,15,20,10,12,1,52.24,0,0
2019,1,6,MECCANICA,2,37.43,16.73,6,10,2,0,22,67.65,0,0
2019,7,6,MECCANICA,2,37.37,16.71,26,32,19,31,0,51.95,0,0
2019,5,21,MECCANICA,3,8.69,16.65,14,19,10,5,2,50.68,0,0
2019,11,21,MECCANICA,3,8.68,16.62,12,16,9,1,4,53.74,0,0
2019,10,6,MECCANICA,2,37.14,16.61,17,22,13,18,0,52.38,0,0
2019,9,6,MECCANICA,2,37.12,16.60,21,26,16,25,0,52.11,0,0
2019,2,13,MEZZI DI TRASPORTO,3,17.43,16.59,9,14,4,0,15,59.41,0,0
2019,6,21,CERAMICHE E VETRARIE,3,22.84,16.58,24,30,18,28,0,48.15,0,0
2019,5,21,CERAMICHE E VETRARIE,3,22.72,16.49,14,19,10,5,2,50.68,0,0
2019,7,21,CERAMICHE E VETRARIE,3,22.60,16.40,26,32,19,31,0,51.95,0,0
2019,9,8,ALTRI,3,5.52,16.39,21,26,16,25,0,52.11,0,0
2019,11,8,CEMENTO CALCE E GESSO,3,11.23,16.38,12,16,9,1,4,53.74,0,0
2019,1,18,SIDERURGIA,3,1.32,16.37,6,10,2,0,22,67.65,0,0
2019,1,8,ALTRI,3,5.51,16.36,6,10,2,0,22,67.65,0,0
2019,2,6,MECCANICA,2,36.55,16.34,9,14,4,0,15,59.41,0,0
2019,12,21,CHIMICA,3,5.88,16.31,9,13,5,0,14,48.58,0,0
2019,11,21,METALLI NON FERROSI,2,22.81,16.29,12,16,9,1,4,53.74,0,0
2019,10,8,CEMENTO CALCE E GESSO,3,11.16,16.28,17,22,13,18,0,52.38,0,0
2019,2,21,MECCANICA,3,8.49,16.26,9,14,4,0,15,59.41,0,0
2019,3,21,MECCANICA,3,8.47,16.23,12,18,7,8,5,52.83,0,0
2019,4,6,MECCANICA,2,36.19,16.18,15,20,10,12,1,52.24,0,0
2019,1,21,CERAMICHE E VETRARIE,3,22.13,16.06,6,10,2,0,22,67.65,0,0
2019,3,8,ALTRI,2,7.92,16.03,12,18,7,8,5,52.83,0,0
2019,5,8,ALTRI,3,5.39,16.02,14,19,10,5,2,50.68,0,0
2019,4,21,METALLI NON FERROSI,3,7.27,15.89,15,20,10,12,1,52.24,0,0
2019,12,19,ALTRI,3,5.35,15.89,9,13,5,0,14,48.58,0,0
2019,6,21,MECCANICA,3,8.29,15.87,24,30,18,28,0,48.15,0,0
2019,2,11,ALTRI,3,5.33,15.84,9,14,4,0,15,59.41,0,0
2019,2,18,SIDERURGIA,3,1.27,15.83,9,14,4,0,15,59.41,0,0
2019,10,13,MEZZI DI TRASPORTO,3,16.63,15.83,17,22,13,18,0,52.38,0,0
2019,12,21,CERAMICHE E VETRARIE,3,21.78,15.81,9,13,5,0,14,48.58,0,0
2019,6,6,MECCANICA,2,35.29,15.78,24,30,18,28,0,48.15,0,0
2019,4,10,CHIMICA,2,28.97,15.75,15,20,10,12,1,52.24,0,0
2019,12,10,CHIMICA,2,28.95,15.74,9,13,5,0,14,48.58,0,0
2019,11,21,METALLI NON FERROSI,3,7.19,15.71,12,16,9,1,4,53.74,0,0
2019,9,13,MEZZI DI TRASPORTO,3,16.46,15.67,21,26,16,25,0,52.11,0,0
2019,5,6,CEMENTO CALCE E GESSO,3,10.75,15.67,14,19,10,5,2,50.68,0,0
2019,4,21,CERAMICHE E VETRARIE,3,21.59,15.67,15,20,10,12,1,52.24,0,0
2019,11,8,ALTRI,3,5.27,15.66,12,16,9,1,4,53.74,0,0
2019,11,21,CERAMICHE E VETRARIE,3,21.55,15.64,12,16,9,1,4,53.74,0,0
2019,4,13,MEZZI DI TRASPORTO,3,16.43,15.64,15,20,10,12,1,52.24,0,0
2019,3,8,ALTRI,3,5.26,15.64,12,18,7,8,5,52.83,0,0
2019,10,16,CEMENTO CALCE E GESSO,3,10.71,15.61,17,22,13,18,0,52.38,0,0
2019,4,8,ALTRI,2,7.70,15.59,15,20,10,12,1,52.24,0,0
2019,6,8,CEMENTO CALCE E GESSO,3,10.58,15.43,24,30,18,28,0,48.15,0,0
2019,12,20,SIDERURGIA,3,1.24,15.36,9,13,5,0,14,48.58,0,0
2019,7,20,SIDERURGIA,3,1.23,15.30,26,32,19,31,0,51.95,0,0
2019,9,21,CERAMICHE E VETRARIE,3,20.92,15.18,21,26,16,25,0,52.11,0,0
2019,4,8,ALTRI,3,5.09,15.13,15,20,10,12,1,52.24,0,0
2019,5,8,CEMENTO CALCE E GESSO,3,10.36,15.11,14,19,10,5,2,50.68,0,0
2019,12,16,SIDERURGIA,3,1.21,15.08,9,13,5,0,14,48.58,0,0
2019,2,8,ALTRI,3,5.06,15.04,9,14,4,0,15,59.41,0,0
2019,4,6,CEMENTO CALCE E GESSO,3,10.31,15.03,15,20,10,12,1,52.24,0,0
2019,11,13,MEZZI DI TRASPORTO,3,15.76,15.00,12,16,9,1,4,53.74,0,0
2019,2,21,CERAMICHE E VETRARIE,3,20.64,14.98,9,14,4,0,15,59.41,0,0
2019,7,1,MEZZI DI TRASPORTO,3,15.72,14.96,26,32,19,31,0,51.95,0,0
2019,3,19,CEMENTO CALCE E GESSO,3,10.21,14.89,12,18,7,8,5,52.83,0,0
2019,7,14,CEMENTO CALCE E GESSO,3,10.19,14.86,26,32,19,31,0,51.95,0,0
2019,4,18,SIDERURGIA,3,1.19,14.82,15,20,10,12,1,52.24,0,0
2019,7,19,CEMENTO CALCE E GESSO,3,10.07,14.68,26,32,19,31,0,51.95,0,0
2019,7,5,CHIMICA,3,5.29,14.67,26,32,19,31,0,51.95,0,0
2019,6,18,SIDERURGIA,3,1.18,14.65,24,30,18,28,0,48.15,0,0
2019,12,9,SIDERURGIA,3,1.18,14.63,9,13,5,0,14,48.58,0,0
2019,8,21,CERAMICHE E VETRARIE,3,20.14,14.62,26,31,20,31,0,46.75,0,0
2019,7,10,CERAMICHE E VETRARIE,3,20.03,14.54,26,32,19,31,0,51.95,0,0
2019,7,18,SIDERURGIA,3,1.17,14.49,26,32,19,31,0,51.95,0,0
2019,8,10,CERAMICHE E VETRARIE,3,19.94,14.47,26,31,20,31,0,46.75,0,0
2019,11,6,CEMENTO CALCE E GESSO,3,9.92,14.47,12,16,9,1,4,53.74,0,0
2019,6,19,CEMENTO CALCE E GESSO,3,9.80,14.29,24,30,18,28,0,48.15,0,0
2019,10,6,CEMENTO CALCE E GESSO,3,9.79,14.27,17,22,13,18,0,52.38,0,0
2019,12,8,ALTRI,3,4.80,14.26,9,13,5,0,14,48.58,0,0
2019,6,14,SIDERURGIA,3,1.15,14.25,24,30,18,28,0,48.15,0,0
2019,10,5,CHIMICA,3,5.13,14.21,17,22,13,18,0,52.38,0,0
2019,4,21,MECCANICA,3,7.41,14.19,15,20,10,12,1,52.24,0,0
2019,7,6,CEMENTO CALCE E GESSO,3,9.64,14.06,26,32,19,31,0,51.95,0,0
2019,3,5,CHIMICA,3,5.06,14.03,12,18,7,8,5,52.83,0,0
2019,6,5,CHIMICA,3,5.05,13.99,24,30,18,28,0,48.15,0,0
2019,10,10,CERAMICHE E VETRARIE,3,19.21,13.94,17,22,13,18,0,52.38,0,0
2019,8,8,ALTRI,3,4.68,13.92,26,31,20,31,0,46.75,0,0
2019,5,16,CEMENTO CALCE E GESSO,3,9.50,13.85,14,19,10,5,2,50.68,0,0
2019,8,9,ALTRI,3,4.63,13.77,26,31,20,31,0,46.75,0,0
2019,7,16,CEMENTO CALCE E GESSO,3,9.44,13.76,26,32,19,31,0,51.95,0,0
2019,3,6,CEMENTO CALCE E GESSO,3,9.43,13.75,12,18,7,8,5,52.83,0,0
2019,6,10,CERAMICHE E VETRARIE,3,18.93,13.74,24,30,18,28,0,48.15,0,0
2019,6,1,MEZZI DI TRASPORTO,3,14.43,13.73,24,30,18,28,0,48.15,0,0
2019,9,5,CHIMICA,3,4.95,13.73,21,26,16,25,0,52.11,0,0
2019,12,9,ALTRI,3,4.62,13.72,9,13,5,0,14,48.58,0,0
2019,8,5,CHIMICA,3,4.93,13.67,26,31,20,31,0,46.75,0,0
2019,12,10,CERAMICHE E VETRARIE,3,18.79,13.64,9,13,5,0,14,48.58,0,0
2019,8,10,CHIMICA,2,25.07,13.63,26,31,20,31,0,46.75,0,0
2019,9,10,CERAMICHE E VETRARIE,3,18.64,13.53,21,26,16,25,0,52.11,0,0
2019,10,14,CEMENTO CALCE E GESSO,3,9.25,13.49,17,22,13,18,0,52.38,0,0
2019,12,6,ALTRI,3,4.54,13.48,9,13,5,0,14,48.58,0,0
2019,11,5,CHIMICA,3,4.85,13.45,12,16,9,1,4,53.74,0,0
2019,4,5,CHIMICA,3,4.84,13.42,15,20,10,12,1,52.24,0,0
2019,12,5,CHIMICA,3,4.81,13.33,9,13,5,0,14,48.58,0,0
2019,11,16,CEMENTO CALCE E GESSO,3,9.14,13.33,12,16,9,1,4,53.74,0,0
2019,4,19,CEMENTO CALCE E GESSO,3,9.13,13.32,15,20,10,12,1,52.24,0,0
2019,11,10,CERAMICHE E VETRARIE,3,18.30,13.28,12,16,9,1,4,53.74,0,0
2019,1,10,CERAMICHE E VETRARIE,3,18.13,13.16,6,10,2,0,22,67.65,0,0
2019,11,18,SIDERURGIA,3,1.06,13.15,12,16,9,1,4,53.74,0,0
2019,7,17,MECCANICA,3,6.86,13.14,26,32,19,31,0,51.95,0,0
2019,7,13,ALTRI,2,6.47,13.10,26,32,19,31,0,51.95,0,0
2019,9,18,SIDERURGIA,3,1.05,13.07,21,26,16,25,0,52.11,0,0
2019,5,13,ALTRI,2,6.45,13.05,14,19,10,5,2,50.68,0,0
2019,1,5,CHIMICA,3,4.70,13.02,6,10,2,0,22,67.65,0,0
2019,1,14,CEMENTO CALCE E GESSO,3,8.92,13.01,6,10,2,0,22,67.65,0,0
2019,5,19,CEMENTO CALCE E GESSO,3,8.89,12.96,14,19,10,5,2,50.68,0,0
2019,5,5,CHIMICA,3,4.67,12.96,14,19,10,5,2,50.68,0,0
2019,7,17,ALTRI,2,6.40,12.96,26,32,19,31,0,51.95,0,0
2019,8,20,SIDERURGIA,3,1.04,12.89,26,31,20,31,0,46.75,0,0
2019,4,16,CEMENTO CALCE E GESSO,3,8.83,12.88,15,20,10,12,1,52.24,0,0
2019,9,9,ALTRI,3,4.33,12.88,21,26,16,25,0,52.11,0,0
2019,11,6,MECCANICA,2,28.69,12.83,12,16,9,1,4,53.74,0,0
2019,10,1,MEZZI DI TRASPORTO,3,13.45,12.80,17,22,13,18,0,52.38,0,0
2019,8,9,SIDERURGIA,3,1.03,12.79,26,31,20,31,0,46.75,0,0
2019,7,9,ALTRI,3,4.30,12.77,26,32,19,31,0,51.95,0,0
2019,10,18,SIDERURGIA,3,1.02,12.73,17,22,13,18,0,52.38,0,0
2019,4,9,ALTRI,3,4.28,12.73,15,20,10,12,1,52.24,0,0
2019,11,13,CEMENTO CALCE E GESSO,3,8.71,12.70,12,16,9,1,4,53.74,0,0
2019,6,9,ALTRI,3,4.26,12.65,24,30,18,28,0,48.15,0,0
2019,8,6,CEMENTO CALCE E GESSO,3,8.64,12.60,26,31,20,31,0,46.75,0,0
2019,9,17,MECCANICA,3,6.57,12.58,21,26,16,25,0,52.11,0,0
2019,5,1,MEZZI DI TRASPORTO,3,13.22,12.58,14,19,10,5,2,50.68,0,0
2019,2,5,CHIMICA,3,4.53,12.57,9,14,4,0,15,59.41,0,0
2019,5,14,CEMENTO CALCE E GESSO,3,8.61,12.56,14,19,10,5,2,50.68,0,0
2019,7,10,ALIMENTARE,2,19.97,12.52,26,32,19,31,0,51.95,0,0
2019,2,10,CHIMICA,2,22.92,12.46,9,14,4,0,15,59.41,0,0
2019,12,21,METALLI NON FERROSI,3,5.70,12.45,9,13,5,0,14,48.58,0,0
2019,1,9,ALTRI,3,4.17,12.40,6,10,2,0,22,67.65,0,0
2019,10,21,CEMENTO CALCE E GESSO,3,8.45,12.32,17,22,13,18,0,52.38,0,0
2019,11,14,CEMENTO CALCE E GESSO,3,8.44,12.31,12,16,9,1,4,53.74,0,0
2019,3,10,MECCANICA,2,27.46,12.28,12,18,7,8,5,52.83,0,0
2019,11,12,CEMENTO CALCE E GESSO,3,8.41,12.26,12,16,9,1,4,53.74,0,0
2019,4,13,CARTARIA,3,42.45,12.25,15,20,10,12,1,52.24,0,0
2019,6,17,MECCANICA,3,6.39,12.23,24,30,18,28,0,48.15,0,0
2019,12,8,CEMENTO CALCE E GESSO,3,8.37,12.20,9,13,5,0,14,48.58,0,0
2019,3,9,ALTRI,3,4.10,12.19,12,18,7,8,5,52.83,0,0
2019,7,12,CEMENTO CALCE E GESSO,3,8.34,12.16,26,32,19,31,0,51.95,0,0
2019,5,10,MECCANICA,2,27.20,12.16,14,19,10,5,2,50.68,0,0
2019,7,10,MECCANICA,2,27.21,12.16,26,32,19,31,0,51.95,0,0
2019,2,8,ALTRI,2,6.00,12.15,9,14,4,0,15,59.41,0,0
2019,10,11,SIDERURGIA,3,0.98,12.13,17,22,13,18,0,52.38,0,0
2019,2,6,CEMENTO CALCE E GESSO,3,8.30,12.10,9,14,4,0,15,59.41,0,0
2019,1,1,MEZZI DI TRASPORTO,3,12.71,12.10,6,10,2,0,22,67.65,0,0
2019,12,13,MEZZI DI TRASPORTO,3,12.67,12.06,9,13,5,0,14,48.58,0,0
2019,3,13,ALTRI,2,5.92,11.98,12,18,7,8,5,52.83,0,0
2019,6,13,ALTRI,2,5.91,11.97,24,30,18,28,0,48.15,0,0
2019,11,19,CEMENTO CALCE E GESSO,3,8.20,11.96,12,16,9,1,4,53.74,0,0
2019,7,21,CEMENTO CALCE E GESSO,3,8.20,11.95,26,32,19,31,0,51.95,0,0
2019,7,17,CHIMICA,3,4.31,11.94,26,32,19,31,0,51.95,0,0
2019,3,17,MECCANICA,3,6.22,11.91,12,18,7,8,5,52.83,0,0
2019,12,12,CEMENTO CALCE E GESSO,3,8.16,11.90,9,13,5,0,14,48.58,0,0
2019,3,1,MEZZI DI TRASPORTO,3,12.47,11.87,12,18,7,8,5,52.83,0,0
2019,9,1,MEZZI DI TRASPORTO,3,12.42,11.82,21,26,16,25,0,52.11,0,0
2019,5,21,CEMENTO CALCE E GESSO,3,8.11,11.82,14,19,10,5,2,50.68,0,0
2019,3,17,ALTRI,2,5.82,11.78,12,18,7,8,5,52.83,0,0
2019,2,1,MEZZI DI TRASPORTO,3,12.33,11.74,9,14,4,0,15,59.41,0,0
2019,7,13,METALLI NON FERROSI,3,5.37,11.74,26,32,19,31,0,51.95,0,0
2019,10,17,ALTRI,2,5.78,11.71,17,22,13,18,0,52.38,0,0
2019,12,21,METALLI NON FERROSI,2,16.39,11.70,9,13,5,0,14,48.58,0,0
2019,10,13,ALTRI,2,5.78,11.69,17,22,13,18,0,52.38,0,0
2019,10,5,ALTRI,3,3.92,11.64,17,22,13,18,0,52.38,0,0
2019,8,16,ALTRI,3,3.90,11.59,26,31,20,31,0,46.75,0,0
2019,10,9,ALTRI,3,3.90,11.59,17,22,13,18,0,52.38,0,0
2019,5,17,MECCANICA,3,6.03,11.55,14,19,10,5,2,50.68,0,0
2019,5,10,CERAMICHE E VETRARIE,3,15.91,11.55,14,19,10,5,2,50.68,0,0
2019,11,21,CEMENTO CALCE E GESSO,3,7.91,11.53,12,16,9,1,4,53.74,0,0
2019,8,16,CEMENTO CALCE E GESSO,3,7.91,11.53,26,31,20,31,0,46.75,0,0
2019,10,18,ALTRI,3,3.86,11.48,17,22,13,18,0,52.38,0,0
2019,2,10,CERAMICHE E VETRARIE,3,15.82,11.48,9,14,4,0,15,59.41,0,0
2019,11,1,MEZZI DI TRASPORTO,3,12.05,11.47,12,16,9,1,4,53.74,0,0
2019,1,5,ALTRI,3,3.86,11.46,6,10,2,0,22,67.65,0,0
2019,6,6,CEMENTO CALCE E GESSO,3,7.85,11.44,24,30,18,28,0,48.15,0,0
2019,8,21,CHIMICA,3,4.13,11.44,26,31,20,31,0,46.75,0,0
2019,10,6,SIDERURGIA,3,0.92,11.43,17,22,13,18,0,52.38,0,0
2019,5,18,ALTRI,3,3.85,11.43,14,19,10,5,2,50.68,0,0
2019,11,11,SIDERURGIA,3,0.92,11.42,12,16,9,1,4,53.74,0,0
2019,3,21,CEMENTO CALCE E GESSO,3,7.82,11.41,12,18,7,8,5,52.83,0,0
2019,6,17,ALTRI,2,5.64,11.41,24,30,18,28,0,48.15,0,0
2019,8,10,METALLI NON FERROSI,2,15.95,11.39,26,31,20,31,0,46.75,0,0
2019,2,14,CEMENTO CALCE E GESSO,3,7.81,11.39,9,14,4,0,15,59.41,0,0
2019,2,13,ALTRI,2,5.62,11.38,9,14,4,0,15,59.41,0,0
2019,5,11,SIDERURGIA,3,0.91,11.37,14,19,10,5,2,50.68,0,0
2019,1,7,METALLI NON FERROSI,3,5.20,11.36,6,10,2,0,22,67.65,0,0
2019,5,10,ALIMENTARE,2,18.11,11.35,14,19,10,5,2,50.68,0,0
2019,9,17,ALTRI,2,5.60,11.35,21,26,16,25,0,52.11,0,0
2019,5,17,ALTRI,2,5.59,11.32,14,19,10,5,2,50.68,0,0
2019,12,21,MECCANICA,3,5.89,11.29,9,13,5,0,14,48.58,0,0
2019,3,7,METALLI NON FERROSI,3,5.16,11.28,12,18,7,8,5,52.83,0,0
2019,7,7,METALLI NON FERROSI,3,5.14,11.23,26,32,19,31,0,51.95,0,0
2019,9,11,SIDERURGIA,3,0.90,11.22,21,26,16,25,0,52.11,0,0
2019,4,8,CEMENTO CALCE E GESSO,3,7.69,11.22,15,20,10,12,1,52.24,0,0
2019,12,5,ALTRI,3,3.77,11.21,9,13,5,0,14,48.58,0,0
2019,11,5,ALTRI,3,3.77,11.21,12,16,9,1,4,53.74,0,0
2019,2,13,METALLI NON FERROSI,3,5.12,11.20,9,14,4,0,15,59.41,0,0
2019,5,7,CHIMICA,3,4.04,11.19,14,19,10,5,2,50.68,0,0
2019,3,18,ALTRI,3,3.77,11.19,12,18,7,8,5,52.83,0,0
2019,5,7,METALLI NON FERROSI,3,5.11,11.18,14,19,10,5,2,50.68,0,0
2019,5,13,CEMENTO CALCE E GESSO,3,7.67,11.18,14,19,10,5,2,50.68,0,0
2019,9,17,CHIMICA,3,4.03,11.17,21,26,16,25,0,52.11,0,0
2019,6,17,CHIMICA,3,4.03,11.16,24,30,18,28,0,48.15,0,0
2019,6,10,MECCANICA,2,24.96,11.16,24,30,18,28,0,48.15,0,0
2019,1,13,METALLI NON FERROSI,3,5.11,11.16,6,10,2,0,22,67.65,0,0
2019,4,21,CEMENTO CALCE E GESSO,3,7.65,11.15,15,20,10,12,1,52.24,0,0
2019,10,10,MECCANICA,2,24.87,11.12,17,22,13,18,0,52.38,0,0
2019,2,10,MECCANICA,2,24.83,11.10,9,14,4,0,15,59.41,0,0
2019,7,11,SIDERURGIA,3,0.89,11.05,26,32,19,31,0,51.95,0,0
2019,8,10,ALIMENTARE,2,17.62,11.04,26,31,20,31,0,46.75,0,0
2019,10,13,METALLI NON FERROSI,3,5.05,11.04,17,22,13,18,0,52.38,0,0
2019,7,14,ALTRI,2,5.45,11.04,26,32,19,31,0,51.95,0,0
2019,3,13,METALLI NON FERROSI,3,5.01,10.96,12,18,7,8,5,52.83,0,0
2019,6,18,ALTRI,3,3.69,10.95,24,30,18,28,0,48.15,0,0
2019,8,2,SIDERURGIA,3,0.88,10.94,26,31,20,31,0,46.75,0,0
2019,4,1,MEZZI DI TRASPORTO,3,11.45,10.90,15,20,10,12,1,52.24,0,0
2019,7,18,ALTRI,3,3.67,10.90,26,32,19,31,0,51.95,0,0
2019,10,7,METALLI NON FERROSI,3,4.98,10.89,17,22,13,18,0,52.38,0,0
2019,3,11,SIDERURGIA,3,0.88,10.89,12,18,7,8,5,52.83,0,0
2019,9,18,ALTRI,3,3.66,10.88,21,26,16,25,0,52.11,0,0
2019,4,7,CHIMICA,3,3.92,10.88,15,20,10,12,1,52.24,0,0
2019,9,6,CEMENTO CALCE E GESSO,3,7.45,10.87,21,26,16,25,0,52.11,0,0
2019,5,17,CHIMICA,3,3.92,10.87,14,19,10,5,2,50.68,0,0
2019,9,5,ALTRI,3,3.65,10.85,21,26,16,25,0,52.11,0,0
2019,11,17,ALTRI,2,5.35,10.84,12,16,9,1,4,53.74,0,0
2019,3,5,ALTRI,3,3.65,10.84,12,18,7,8,5,52.83,0,0
2019,10,17,CHIMICA,3,3.91,10.83,17,22,13,18,0,52.38,0,0
2019,6,8,CHIMICA,3,3.90,10.81,24,30,18,28,0,48.15,0,0
2019,10,13,CHIMICA,3,3.90,10.80,17,22,13,18,0,52.38,0,0
2019,5,13,CHIMICA,3,3.90,10.80,14,19,10,5,2,50.68,0,0
2019,1,17,MECCANICA,3,5.64,10.80,6,10,2,0,22,67.65,0,0
2019,5,6,SIDERURGIA,3,0.87,10.79,14,19,10,5,2,50.68,0,0
2019,8,17,MECCANICA,3,5.62,10.77,26,31,20,31,0,46.75,0,0
2019,6,10,ALIMENTARE,2,17.19,10.77,24,30,18,28,0,48.15,0,0
2019,3,14,ALTRI,2,5.31,10.75,12,18,7,8,5,52.83,0,0
2019,7,8,CHIMICA,3,3.87,10.74,26,32,19,31,0,51.95,0,0
2019,11,13,METALLI NON FERROSI,3,4.91,10.73,12,16,9,1,4,53.74,0,0
2019,1,10,MECCANICA,2,24.01,10.73,6,10,2,0,22,67.65,0,0
2019,6,7,CHIMICA,3,3.84,10.65,24,30,18,28,0,48.15,0,0
2019,5,13,METALLI NON FERROSI,3,4.87,10.64,14,19,10,5,2,50.68,0,0
2019,9,13,ALTRI,2,5.25,10.63,21,26,16,25,0,52.11,0,0
2019,9,12,CEMENTO CALCE E GESSO,3,7.28,10.62,21,26,16,25,0,52.11,0,0
2019,5,14,ALTRI,2,5.25,10.62,14,19,10,5,2,50.68,0,0
2019,1,18,ALTRI,3,3.57,10.61,6,10,2,0,22,67.65,0,0
2019,6,13,METALLI NON FERROSI,3,4.85,10.60,24,30,18,28,0,48.15,0,0
2019,3,17,CHIMICA,3,3.82,10.59,12,18,7,8,5,52.83,0,0
2019,1,14,ALTRI,2,5.22,10.57,6,10,2,0,22,67.65,0,0
2019,2,17,ALTRI,2,5.21,10.56,9,14,4,0,15,59.41,0,0
2019,12,13,CEMENTO CALCE E GESSO,3,7.23,10.54,9,13,5,0,14,48.58,0,0
2019,7,6,SIDERURGIA,3,0.85,10.53,26,32,19,31,0,51.95,0,0
2019,8,14,ALTRI,2,5.19,10.50,26,31,20,31,0,46.75,0,0
2019,6,6,SIDERURGIA,3,0.84,10.49,24,30,18,28,0,48.15,0,0
2019,9,13,METALLI NON FERROSI,3,4.80,10.49,21,26,16,25,0,52.11,0,0
2019,4,18,ALTRI,3,3.52,10.45,15,20,10,12,1,52.24,0,0
2019,5,9,ALTRI,3,3.51,10.44,14,19,10,5,2,50.68,0,0
2019,3,6,SIDERURGIA,3,0.84,10.42,12,18,7,8,5,52.83,0,0
2019,7,17,SIDERURGIA,3,0.84,10.42,26,32,19,31,0,51.95,0,0
2019,11,6,SIDERURGIA,3,0.84,10.41,12,16,9,1,4,53.74,0,0
2019,6,21,CEMENTO CALCE E GESSO,3,7.13,10.40,24,30,18,28,0,48.15,0,0
2019,4,13,CHIMICA,3,3.75,10.40,15,20,10,12,1,52.24,0,0
2019,4,13,ALTRI,2,5.13,10.38,15,20,10,12,1,52.24,0,0
2019,3,7,CHIMICA,3,3.74,10.37,12,18,7,8,5,52.83,0,0
2019,8,17,CHIMICA,3,3.74,10.36,26,31,20,31,0,46.75,0,0
2019,10,7,CHIMICA,3,3.73,10.34,17,22,13,18,0,52.38,0,0
2019,9,10,MECCANICA,2,23.11,10.33,21,26,16,25,0,52.11,0,0
2019,10,13,CEMENTO CALCE E GESSO,3,7.08,10.33,17,22,13,18,0,52.38,0,0
2019,1,13,ALTRI,2,5.10,10.32,6,10,2,0,22,67.65,0,0
2019,12,1,MEZZI DI TRASPORTO,3,10.80,10.28,9,13,5,0,14,48.58,0,0
2019,4,7,METALLI NON FERROSI,3,4.70,10.28,15,20,10,12,1,52.24,0,0
2019,2,9,ALTRI,3,3.45,10.26,9,14,4,0,15,59.41,0,0
2019,7,5,ALTRI,3,3.45,10.26,26,32,19,31,0,51.95,0,0
2019,11,18,ALTRI,3,3.45,10.26,12,16,9,1,4,53.74,0,0
2019,6,14,CEMENTO CALCE E GESSO,3,7.03,10.25,24,30,18,28,0,48.15,0,0
2019,2,6,SIDERURGIA,3,0.82,10.25,9,14,4,0,15,59.41,0,0
2019,4,10,ALIMENTARE,2,16.34,10.24,15,20,10,12,1,52.24,0,0
2019,6,11,SIDERURGIA,3,0.82,10.23,24,30,18,28,0,48.15,0,0
2019,11,10,MECCANICA,2,22.83,10.21,12,16,9,1,4,53.74,0,0
2019,1,17,ALTRI,2,5.04,10.21,6,10,2,0,22,67.65,0,0
2019,9,7,METALLI NON FERROSI,3,4.66,10.18,21,26,16,25,0,52.11,0,0
2019,6,7,METALLI NON FERROSI,3,4.65,10.17,24,30,18,28,0,48.15,0,0
2019,8,8,CEMENTO CALCE E GESSO,3,6.97,10.16,26,31,20,31,0,46.75,0,0
2019,11,17,CHIMICA,3,3.66,10.16,12,16,9,1,4,53.74,0,0
2019,4,11,SIDERURGIA,3,0.82,10.16,15,20,10,12,1,52.24,0,0
2019,1,17,SIDERURGIA,3,0.82,10.15,6,10,2,0,22,67.65,0,0
2019,2,7,METALLI NON FERROSI,3,4.64,10.15,9,14,4,0,15,59.41,0,0
2019,8,13,MEZZI DI TRASPORTO,3,10.60,10.09,26,31,20,31,0,46.75,0,0
2019,9,7,CHIMICA,3,3.64,10.08,21,26,16,25,0,52.11,0,0
2019,10,17,SIDERURGIA,3,0.81,10.07,17,22,13,18,0,52.38,0,0
2019,4,17,ALTRI,2,4.96,10.05,15,20,10,12,1,52.24,0,0
2019,2,18,ALTRI,3,3.37,10.02,9,14,4,0,15,59.41,0,0
2019,11,13,ALTRI,2,4.95,10.01,12,16,9,1,4,53.74,0,0
2019,9,6,SIDERURGIA,3,0.81,10.01,21,26,16,25,0,52.11,0,0
2019,2,14,ALTRI,2,4.94,10.00,9,14,4,0,15,59.41,0,0
2019,10,12,CEMENTO CALCE E GESSO,3,6.84,9.98,17,22,13,18,0,52.38,0,0
2019,1,8,ALTRI,2,4.92,9.96,6,10,2,0,22,67.65,0,0
2019,4,14,ALTRI,2,4.92,9.96,15,20,10,12,1,52.24,0,0
2019,1,6,CERAMICHE E VETRARIE,3,13.71,9.95,6,10,2,0,22,67.65,0,0
2019,5,6,CERAMICHE E VETRARIE,3,13.70,9.94,14,19,10,5,2,50.68,0,0
2019,7,10,MEZZI DI TRASPORTO,3,10.43,9.93,26,32,19,31,0,51.95,0,0
2019,10,6,CHIMICA,3,3.58,9.93,17,22,13,18,0,52.38,0,0
2019,1,7,CHIMICA,3,3.58,9.93,6,10,2,0,22,67.65,0,0
2019,12,21,CEMENTO CALCE E GESSO,3,6.80,9.91,9,13,5,0,14,48.58,0,0
2019,3,17,SIDERURGIA,3,0.80,9.90,12,18,7,8,5,52.83,0,0
2019,3,6,CERAMICHE E VETRARIE,3,13.63,9.89,12,18,7,8,5,52.83,0,0
2019,4,10,MECCANICA,2,21.95,9.82,15,20,10,12,1,52.24,0,0
2019,3,13,CEMENTO CALCE E GESSO,3,6.72,9.80,12,18,7,8,5,52.83,0,0
2019,3,10,ALIMENTARE,2,15.63,9.79,12,18,7,8,5,52.83,0,0
2019,9,10,ALIMENTARE,2,15.59,9.77,21,26,16,25,0,52.11,0,0
2019,8,8,CHIMICA,3,3.52,9.77,26,31,20,31,0,46.75,0,0
2019,2,5,ALTRI,3,3.29,9.77,9,14,4,0,15,59.41,0,0
2019,5,17,SIDERURGIA,3,0.79,9.76,14,19,10,5,2,50.68,0,0
2019,12,14,SIDERURGIA,3,0.78,9.74,9,13,5,0,14,48.58,0,0
2019,6,14,ALTRI,2,4.80,9.73,24,30,18,28,0,48.15,0,0
2019,2,11,SIDERURGIA,3,0.78,9.72,9,14,4,0,15,59.41,0,0
2019,1,6,CEMENTO CALCE E GESSO,3,6.63,9.67,6,10,2,0,22,67.65,0,0
2019,4,13,CEMENTO CALCE E GESSO,3,6.62,9.65,15,20,10,12,1,52.24,0,0
2019,3,8,CHIMICA,3,3.48,9.64,12,18,7,8,5,52.83,0,0
2019,3,12,CEMENTO CALCE E GESSO,3,6.60,9.63,12,18,7,8,5,52.83,0,0
2019,11,7,METALLI NON FERROSI,3,4.40,9.61,12,16,9,1,4,53.74,0,0
2019,12,17,ALTRI,2,4.74,9.60,9,13,5,0,14,48.58,0,0
2019,10,19,CEMENTO CALCE E GESSO,3,6.57,9.58,17,22,13,18,0,52.38,0,0
2019,5,21,CARTARIA,3,33.09,9.55,14,19,10,5,2,50.68,0,0
2019,1,6,SIDERURGIA,3,0.77,9.54,6,10,2,0,22,67.65,0,0
2019,2,17,MECCANICA,3,4.97,9.52,9,14,4,0,15,59.41,0,0
2019,4,13,METALLI NON FERROSI,3,4.35,9.51,15,20,10,12,1,52.24,0,0
2019,9,17,SIDERURGIA,3,0.76,9.51,21,26,16,25,0,52.11,0,0
2019,1,14,SIDERURGIA,3,0.76,9.50,6,10,2,0,22,67.65,0,0
2019,6,6,CERAMICHE E VETRARIE,3,13.08,9.49,24,30,18,28,0,48.15,0,0
2019,5,8,CHIMICA,3,3.42,9.49,14,19,10,5,2,50.68,0,0
2019,4,17,CHIMICA,3,3.42,9.49,15,20,10,12,1,52.24,0,0
2019,6,12,CEMENTO CALCE E GESSO,3,6.49,9.46,24,30,18,28,0,48.15,0,0
2019,8,21,MECCANICA,3,4.94,9.46,26,31,20,31,0,46.75,0,0
2019,12,19,CEMENTO CALCE E GESSO,3,6.47,9.44,9,13,5,0,14,48.58,0,0
2019,1,17,CHIMICA,3,3.40,9.43,6,10,2,0,22,67.65,0,0
2019,2,7,CHIMICA,3,3.39,9.41,9,14,4,0,15,59.41,0,0
2019,11,17,SIDERURGIA,3,0.76,9.40,12,16,9,1,4,53.74,0,0
2019,2,6,CHIMICA,3,3.38,9.37,9,14,4,0,15,59.41,0,0
2019,4,6,CERAMICHE E VETRARIE,3,12.91,9.37,15,20,10,12,1,52.24,0,0
2019,8,14,SIDERURGIA,3,0.75,9.35,26,31,20,31,0,46.75,0,0
2019,4,17,MECCANICA,3,4.88,9.35,15,20,10,12,1,52.24,0,0
2019,10,17,MECCANICA,3,4.87,9.32,17,22,13,18,0,52.38,0,0
2019,9,8,CEMENTO CALCE E GESSO,3,6.38,9.31,21,26,16,25,0,52.11,0,0
2019,2,17,CHIMICA,3,3.34,9.26,9,14,4,0,15,59.41,0,0
2019,3,1,ALTRI,3,3.11,9.25,12,18,7,8,5,52.83,0,0
2019,11,6,CHIMICA,3,3.34,9.25,12,16,9,1,4,53.74,0,0
2019,7,7,CHIMICA,3,3.34,9.25,26,32,19,31,0,51.95,0,0
2019,12,18,SIDERURGIA,3,0.74,9.24,9,13,5,0,14,48.58,0,0
2019,2,17,SIDERURGIA,3,0.74,9.22,9,14,4,0,15,59.41,0,0
2019,9,13,CEMENTO CALCE E GESSO,3,6.32,9.21,21,26,16,25,0,52.11,0,0
2019,9,8,CHIMICA,3,3.32,9.20,21,26,16,25,0,52.11,0,0
2019,12,17,CHIMICA,3,3.31,9.17,9,13,5,0,14,48.58,0,0
2019,12,14,ALTRI,2,4.52,9.15,9,13,5,0,14,48.58,0,0
2019,8,5,ALTRI,3,3.08,9.15,26,31,20,31,0,46.75,0,0
2019,9,14,ALTRI,2,4.48,9.06,21,26,16,25,0,52.11,0,0
2019,5,4,CEMENTO CALCE E GESSO,3,6.21,9.06,14,19,10,5,2,50.68,0,0
2019,12,6,CERAMICHE E VETRARIE,3,12.48,9.06,9,13,5,0,14,48.58,0,0
2019,1,8,CHIMICA,3,3.25,9.02,6,10,2,0,22,67.65,0,0
2019,2,6,CERAMICHE E VETRARIE,3,12.40,9.00,9,14,4,0,15,59.41,0,0
2019,4,6,SIDERURGIA,3,0.72,9.00,15,20,10,12,1,52.24,0,0
2019,4,17,SIDERURGIA,3,0.72,8.99,15,20,10,12,1,52.24,0,0
2019,11,7,CHIMICA,3,3.24,8.99,12,16,9,1,4,53.74,0,0
2019,6,17,SIDERURGIA,3,0.72,8.96,24,30,18,28,0,48.15,0,0
2019,8,1,MEZZI DI TRASPORTO,3,9.40,8.95,26,31,20,31,0,46.75,0,0
2019,8,19,ALTRI,3,3.01,8.95,26,31,20,31,0,46.75,0,0
2019,10,10,ALIMENTARE,2,14.26,8.94,17,22,13,18,0,52.38,0,0
2019,1,14,ALIMENTARE,2,14.23,8.92,6,10,2,0,22,67.65,0,0
2019,6,5,ALTRI,3,3.00,8.90,24,30,18,28,0,48.15,0,0
2019,12,7,CHIMICA,3,3.20,8.88,9,13,5,0,14,48.58,0,0
2019,7,13,CHIMICA,3,3.20,8.88,26,32,19,31,0,51.95,0,0
2019,7,6,CHIMICA,3,3.20,8.86,26,32,19,31,0,51.95,0,0
2019,3,13,CHIMICA,3,3.19,8.85,12,18,7,8,5,52.83,0,0
2019,11,14,ALIMENTARE,2,14.09,8.83,12,16,9,1,4,53.74,0,0
2019,11,6,CERAMICHE E VETRARIE,3,12.17,8.83,12,16,9,1,4,53.74,0,0
2019,10,8,CHIMICA,3,3.19,8.83,17,22,13,18,0,52.38,0,0
2019,4,14,CEMENTO CALCE E GESSO,3,6.06,8.83,15,20,10,12,1,52.24,0,0
2019,8,6,MECCANICA,2,19.66,8.79,26,31,20,31,0,46.75,0,0
2019,8,21,METALLI NON FERROSI,3,4.01,8.76,26,31,20,31,0,46.75,0,0
2019,10,15,CEMENTO CALCE E GESSO,3,6.01,8.76,17,22,13,18,0,52.38,0,0
2019,10,14,ALTRI,2,4.31,8.72,17,22,13,18,0,52.38,0,0
2019,5,6,CHIMICA,3,3.15,8.72,14,19,10,5,2,50.68,0,0
2019,2,12,CEMENTO CALCE E GESSO,3,5.97,8.70,9,14,4,0,15,59.41,0,0
2019,1,10,ALIMENTARE,2,13.87,8.69,6,10,2,0,22,67.65,0,0
2019,4,10,CERAMICHE E VETRARIE,3,11.97,8.69,15,20,10,12,1,52.24,0,0
2019,7,1,ALTRI,3,2.91,8.66,26,32,19,31,0,51.95,0,0
2019,3,10,CERAMICHE E VETRARIE,3,11.90,8.64,12,18,7,8,5,52.83,0,0
2019,5,21,ALTRI,3,2.90,8.63,14,19,10,5,2,50.68,0,0
2019,10,14,ALIMENTARE,2,13.77,8.63,17,22,13,18,0,52.38,0,0
2019,8,21,ALTRI,3,2.90,8.62,26,31,20,31,0,46.75,0,0
2019,7,6,CERAMICHE E VETRARIE,3,11.81,8.57,26,32,19,31,0,51.95,0,0
2019,3,14,ALIMENTARE,2,13.67,8.56,12,18,7,8,5,52.83,0,0
2019,12,8,CHIMICA,3,3.09,8.56,9,13,5,0,14,48.58,0,0
2019,6,13,CEMENTO CALCE E GESSO,3,5.85,8.53,24,30,18,28,0,48.15,0,0
2019,12,18,ALTRI,3,2.87,8.52,9,13,5,0,14,48.58,0,0
2019,1,19,CHIMICA,3,3.07,8.52,6,10,2,0,22,67.65,0,0
2019,9,6,CHIMICA,3,3.07,8.51,21,26,16,25,0,52.11,0,0
2019,5,12,CEMENTO CALCE E GESSO,3,5.83,8.50,14,19,10,5,2,50.68,0,0
2019,8,11,SIDERURGIA,3,0.68,8.47,26,31,20,31,0,46.75,0,0
2019,6,10,MEZZI DI TRASPORTO,3,8.90,8.47,24,30,18,28,0,48.15,0,0
2019,12,16,CEMENTO CALCE E GESSO,3,5.79,8.44,9,13,5,0,14,48.58,0,0
2019,5,14,ALIMENTARE,2,13.46,8.43,14,19,10,5,2,50.68,0,0
2019,9,13,CHIMICA,3,3.04,8.43,21,26,16,25,0,52.11,0,0
2019,5,5,ALTRI,3,2.83,8.41,14,19,10,5,2,50.68,0,0
2019,2,19,CEMENTO CALCE E GESSO,3,5.75,8.38,9,14,4,0,15,59.41,0,0
2019,7,13,CEMENTO CALCE E GESSO,3,5.74,8.37,26,32,19,31,0,51.95,0,0
2019,8,19,CEMENTO CALCE E GESSO,3,5.73,8.35,26,31,20,31,0,46.75,0,0
2019,2,16,CEMENTO CALCE E GESSO,3,5.72,8.34,9,14,4,0,15,59.41,0,0
2019,2,10,ALIMENTARE,2,13.31,8.34,9,14,4,0,15,59.41,0,0
2019,2,21,CARTARIA,3,28.90,8.34,9,14,4,0,15,59.41,0,0
2019,1,8,CEMENTO CALCE E GESSO,3,5.71,8.32,6,10,2,0,22,67.65,0,0
2019,11,8,CHIMICA,3,3.00,8.32,12,16,9,1,4,53.74,0,0
2019,4,5,ALTRI,3,2.80,8.32,15,20,10,12,1,52.24,0,0
2019,10,5,METALLI NON FERROSI,3,3.80,8.30,17,22,13,18,0,52.38,0,0
2019,10,5,METALLI NON FERROSI,2,11.59,8.28,17,22,13,18,0,52.38,0,0
2019,6,21,CARTARIA,3,28.66,8.27,24,30,18,28,0,48.15,0,0
2019,6,6,CHIMICA,3,2.98,8.26,24,30,18,28,0,48.15,0,0
2019,8,7,CHIMICA,3,2.97,8.24,26,31,20,31,0,46.75,0,0
2019,12,10,ALIMENTARE,2,13.08,8.19,9,13,5,0,14,48.58,0,0
2019,7,2,CEMENTO CALCE E GESSO,3,5.60,8.16,26,32,19,31,0,51.95,0,0
2019,7,1,ALTRI,2,4.03,8.16,26,32,19,31,0,51.95,0,0
2019,4,8,CHIMICA,3,2.94,8.16,15,20,10,12,1,52.24,0,0
2019,3,17,CEMENTO CALCE E GESSO,3,5.59,8.15,12,18,7,8,5,52.83,0,0
2019,2,8,CHIMICA,3,2.94,8.15,9,14,4,0,15,59.41,0,0
2019,2,14,ALIMENTARE,2,12.97,8.12,9,14,4,0,15,59.41,0,0
2019,1,11,ALTRI,3,2.73,8.11,6,10,2,0,22,67.65,0,0
2019,1,13,CEMENTO CALCE E GESSO,3,5.55,8.09,6,10,2,0,22,67.65,0,0
2019,12,6,SIDERURGIA,3,0.65,8.08,9,13,5,0,14,48.58,0,0
2019,3,5,METALLI NON FERROSI,2,11.28,8.06,12,18,7,8,5,52.83,0,0
2019,11,10,ALIMENTARE,2,12.86,8.06,12,16,9,1,4,53.74,0,0
2019,3,5,METALLI NON FERROSI,3,3.68,8.05,12,18,7,8,5,52.83,0,0
2019,7,13,ALIMENTARE,2,12.85,8.05,26,32,19,31,0,51.95,0,0
2019,8,13,CEMENTO CALCE E GESSO,3,5.51,8.04,26,31,20,31,0,46.75,0,0
2019,7,5,METALLI NON FERROSI,3,3.68,8.04,26,32,19,31,0,51.95,0,0
2019,7,5,METALLI NON FERROSI,2,11.24,8.03,26,32,19,31,0,51.95,0,0
2019,1,6,CHIMICA,3,2.89,8.01,6,10,2,0,22,67.65,0,0
2019,7,17,CERAMICHE E VETRARIE,3,11.04,8.01,26,32,19,31,0,51.95,0,0
2019,11,5,METALLI NON FERROSI,3,3.66,8.00,12,16,9,1,4,53.74,0,0
2019,3,21,CARTARIA,3,27.72,8.00,12,18,7,8,5,52.83,0,0
2019,8,17,ALTRI,2,3.95,8.00,26,31,20,31,0,46.75,0,0
2019,2,19,CHIMICA,3,2.89,8.00,9,14,4,0,15,59.41,0,0
2019,2,14,SIDERURGIA,3,0.64,7.99,9,14,4,0,15,59.41,0,0
2019,11,5,METALLI NON FERROSI,2,11.19,7.99,12,16,9,1,4,53.74,0,0
2019,8,14,CHIMICA,2,14.66,7.97,26,31,20,31,0,46.75,0,0
2019,2,1,ALTRI,3,2.68,7.97,9,14,4,0,15,59.41,0,0
2019,4,21,CARTARIA,3,27.52,7.94,15,20,10,12,1,52.24,0,0
2019,7,1,ALIMENTARE,2,12.65,7.92,26,32,19,31,0,51.95,0,0
2019,12,11,SIDERURGIA,3,0.64,7.91,9,13,5,0,14,48.58,0,0
2019,12,13,METALLI NON FERROSI,3,3.61,7.90,9,13,5,0,14,48.58,0,0
2019,4,12,CEMENTO CALCE E GESSO,3,5.42,7.90,15,20,10,12,1,52.24,0,0
2019,7,14,ALIMENTARE,2,12.60,7.89,26,32,19,31,0,51.95,0,0
2019,3,4,CEMENTO CALCE E GESSO,3,5.41,7.89,12,18,7,8,5,52.83,0,0
2019,9,14,ALIMENTARE,2,12.58,7.88,21,26,16,25,0,52.11,0,0
2019,12,10,MECCANICA,2,17.61,7.88,9,13,5,0,14,48.58,0,0
2019,5,5,METALLI NON FERROSI,3,3.60,7.88,14,19,10,5,2,50.68,0,0
2019,6,1,ALTRI,3,2.65,7.88,24,30,18,28,0,48.15,0,0
2019,5,5,METALLI NON FERROSI,2,11.03,7.87,14,19,10,5,2,50.68,0,0
2019,12,6,CEMENTO CALCE E GESSO,3,5.38,7.85,9,13,5,0,14,48.58,0,0
2019,11,17,MECCANICA,3,4.10,7.85,12,16,9,1,4,53.74,0,0
2019,10,13,CARTARIA,3,27.20,7.85,17,22,13,18,0,52.38,0,0
2019,4,4,CEMENTO CALCE E GESSO,3,5.38,7.85,15,20,10,12,1,52.24,0,0
2019,12,6,MECCANICA,2,17.53,7.84,9,13,5,0,14,48.58,0,0
2019,2,13,CEMENTO CALCE E GESSO,3,5.38,7.84,9,14,4,0,15,59.41,0,0
2019,9,19,CEMENTO CALCE E GESSO,3,5.37,7.83,21,26,16,25,0,52.11,0,0
2019,3,13,CARTARIA,3,27.06,7.81,12,18,7,8,5,52.83,0,0
2019,6,5,METALLI NON FERROSI,3,3.50,7.66,24,30,18,28,0,48.15,0,0
2019,5,17,CERAMICHE E VETRARIE,3,10.49,7.61,14,19,10,5,2,50.68,0,0
2019,7,21,CARTARIA,3,26.37,7.61,26,32,19,31,0,51.95,0,0
2019,3,17,CERAMICHE E VETRARIE,3,10.47,7.60,12,18,7,8,5,52.83,0,0
2019,6,17,CERAMICHE E VETRARIE,3,10.46,7.59,24,30,18,28,0,48.15,0,0
2019,8,21,CEMENTO CALCE E GESSO,3,5.20,7.58,26,31,20,31,0,46.75,0,0
2019,9,5,METALLI NON FERROSI,3,3.46,7.57,21,26,16,25,0,52.11,0,0
2019,1,21,CARTARIA,3,26.23,7.57,6,10,2,0,22,67.65,0,0
2019,9,5,METALLI NON FERROSI,2,10.59,7.56,21,26,16,25,0,52.11,0,0
2019,11,9,ALTRI,3,2.54,7.55,12,16,9,1,4,53.74,0,0
2019,2,21,CEMENTO CALCE E GESSO,3,5.18,7.55,9,14,4,0,15,59.41,0,0
2019,9,13,ALIMENTARE,2,12.03,7.54,21,26,16,25,0,52.11,0,0
2019,6,5,METALLI NON FERROSI,2,10.54,7.52,24,30,18,28,0,48.15,0,0
2019,1,11,SIDERURGIA,3,0.60,7.52,6,10,2,0,22,67.65,0,0
2019,10,17,CERAMICHE E VETRARIE,3,10.35,7.51,17,22,13,18,0,52.38,0,0
2019,12,7,METALLI NON FERROSI,3,3.43,7.49,9,13,5,0,14,48.58,0,0
2019,7,21,ALTRI,3,2.52,7.49,26,32,19,31,0,51.95,0,0
2019,6,13,CHIMICA,3,2.70,7.48,24,30,18,28,0,48.15,0,0
2019,1,5,METALLI NON FERROSI,2,10.48,7.48,6,10,2,0,22,67.65,0,0
2019,1,5,METALLI NON FERROSI,3,3.42,7.48,6,10,2,0,22,67.65,0,0
2019,5,17,CEMENTO CALCE E GESSO,3,5.12,7.46,14,19,10,5,2,50.68,0,0
2019,5,19,CHIMICA,3,2.68,7.44,14,19,10,5,2,50.68,0,0
2019,1,1,ALTRI,3,2.49,7.40,6,10,2,0,22,67.65,0,0
2019,1,14,CHIMICA,2,13.62,7.40,6,10,2,0,22,67.65,0,0
2019,4,19,CHIMICA,3,2.67,7.40,15,20,10,12,1,52.24,0,0
2019,3,14,CHIMICA,2,13.59,7.39,12,18,7,8,5,52.83,0,0
2019,4,6,CHIMICA,3,2.67,7.39,15,20,10,12,1,52.24,0,0
2019,5,14,CHIMICA,2,13.59,7.39,14,19,10,5,2,50.68,0,0
2019,7,14,CHIMICA,2,13.56,7.37,26,32,19,31,0,51.95,0,0
2019,10,1,ALTRI,3,2.48,7.37,17,22,13,18,0,52.38,0,0
2019,11,2,CEMENTO CALCE E GESSO,3,5.05,7.36,12,16,9,1,4,53.74,0,0
2019,8,2,CEMENTO CALCE E GESSO,3,5.05,7.36,26,31,20,31,0,46.75,0,0
2019,9,17,CERAMICHE E VETRARIE,3,10.14,7.36,21,26,16,25,0,52.11,0,0
2019,10,14,CHIMICA,2,13.48,7.33,17,22,13,18,0,52.38,0,0
2019,8,13,ALIMENTARE,2,11.69,7.32,26,31,20,31,0,46.75,0,0
2019,9,21,CEMENTO CALCE E GESSO,3,5.02,7.32,21,26,16,25,0,52.11,0,0
2019,3,10,CHIMICA,2,13.44,7.31,12,18,7,8,5,52.83,0,0
2019,10,13,ALIMENTARE,2,11.66,7.31,17,22,13,18,0,52.38,0,0
2019,1,9,CERAMICHE E VETRARIE,3,10.06,7.30,6,10,2,0,22,67.65,0,0
2019,1,10,MEZZI DI TRASPORTO,3,7.65,7.28,6,10,2,0,22,67.65,0,0
2019,2,5,METALLI NON FERROSI,2,10.19,7.28,9,14,4,0,15,59.41,0,0
2019,9,2,CEMENTO CALCE E GESSO,3,4.99,7.28,21,26,16,25,0,52.11,0,0
2019,4,14,CHIMICA,2,13.39,7.28,15,20,10,12,1,52.24,0,0
2019,12,14,CHIMICA,2,13.37,7.27,9,13,5,0,14,48.58,0,0
2019,2,5,METALLI NON FERROSI,3,3.33,7.27,9,14,4,0,15,59.41,0,0
2019,12,5,METALLI NON FERROSI,2,10.17,7.27,9,13,5,0,14,48.58,0,0
2019,12,5,METALLI NON FERROSI,3,3.32,7.26,9,13,5,0,14,48.58,0,0
2019,3,10,MEZZI DI TRASPORTO,3,7.62,7.25,12,18,7,8,5,52.83,0,0
2019,3,7,CEMENTO CALCE E GESSO,3,4.97,7.24,12,18,7,8,5,52.83,0,0
2019,9,10,MEZZI DI TRASPORTO,3,7.61,7.24,21,26,16,25,0,52.11,0,0
2019,3,1,ALTRI,2,3.57,7.23,12,18,7,8,5,52.83,0,0
2019,1,16,CEMENTO CALCE E GESSO,3,4.96,7.23,6,10,2,0,22,67.65,0,0
2019,6,15,CEMENTO CALCE E GESSO,3,4.96,7.23,24,30,18,28,0,48.15,0,0
2019,10,19,CHIMICA,3,2.60,7.22,17,22,13,18,0,52.38,0,0
2019,12,9,CERAMICHE E VETRARIE,3,9.95,7.22,9,13,5,0,14,48.58,0,0
2019,9,21,CARTARIA,3,24.99,7.21,21,26,16,25,0,52.11,0,0
2019,4,17,CERAMICHE E VETRARIE,3,9.93,7.21,15,20,10,12,1,52.24,0,0
2019,11,17,CERAMICHE E VETRARIE,3,9.93,7.21,12,16,9,1,4,53.74,0,0
2019,5,13,ALIMENTARE,2,11.47,7.19,14,19,10,5,2,50.68,0,0
2019,1,17,CERAMICHE E VETRARIE,3,9.91,7.19,6,10,2,0,22,67.65,0,0
2019,4,17,CEMENTO CALCE E GESSO,3,4.93,7.19,15,20,10,12,1,52.24,0,0
2019,12,17,CERAMICHE E VETRARIE,3,9.88,7.17,9,13,5,0,14,48.58,0,0
2019,11,1,ALTRI,3,2.41,7.17,12,16,9,1,4,53.74,0,0
2019,3,13,ALIMENTARE,2,11.42,7.16,12,18,7,8,5,52.83,0,0
2019,6,17,CHIMICA,2,13.17,7.16,24,30,18,28,0,48.15,0,0
2019,6,14,CHIMICA,2,13.17,7.16,24,30,18,28,0,48.15,0,0
2019,4,5,METALLI NON FERROSI,2,10.01,7.15,15,20,10,12,1,52.24,0,0
2019,11,14,ALTRI,2,3.53,7.15,12,16,9,1,4,53.74,0,0
2019,4,5,METALLI NON FERROSI,3,3.27,7.15,15,20,10,12,1,52.24,0,0
2019,11,1,ALTRI,2,3.53,7.14,12,16,9,1,4,53.74,0,0
2019,6,14,ALIMENTARE,2,11.40,7.14,24,30,18,28,0,48.15,0,0
2019,12,14,ALIMENTARE,2,11.40,7.14,9,13,5,0,14,48.58,0,0
2019,9,14,CHIMICA,2,13.12,7.13,21,26,16,25,0,52.11,0,0
2019,10,1,ALTRI,2,3.52,7.12,17,22,13,18,0,52.38,0,0
2019,1,13,ALIMENTARE,2,11.35,7.11,6,10,2,0,22,67.65,0,0
2019,4,16,ALTRI,3,2.39,7.11,15,20,10,12,1,52.24,0,0
2019,5,16,CHIMICA,2,13.06,7.10,14,19,10,5,2,50.68,0,0
2019,4,13,ALIMENTARE,2,11.31,7.09,15,20,10,12,1,52.24,0,0
2019,7,10,CARTARIA,2,13.38,7.08,26,32,19,31,0,51.95,0,0
2019,6,19,CHIMICA,3,2.55,7.08,24,30,18,28,0,48.15,0,0
2019,3,16,CHIMICA,2,13.02,7.08,12,18,7,8,5,52.83,0,0
2019,5,10,MEZZI DI TRASPORTO,3,7.41,7.05,14,19,10,5,2,50.68,0,0
2019,12,13,ALTRI,2,3.48,7.05,9,13,5,0,14,48.58,0,0
2019,10,10,MEZZI DI TRASPORTO,3,7.41,7.05,17,22,13,18,0,52.38,0,0
2019,10,21,CARTARIA,3,24.40,7.04,17,22,13,18,0,52.38,0,0
2019,12,2,CEMENTO CALCE E GESSO,3,4.83,7.04,9,13,5,0,14,48.58,0,0
2019,5,1,ALTRI,3,2.37,7.03,14,19,10,5,2,50.68,0,0
2019,8,13,CHIMICA,3,2.52,7.00,26,31,20,31,0,46.75,0,0
2019,10,15,ALTRI,2,3.45,6.98,17,22,13,18,0,52.38,0,0
2019,5,9,CERAMICHE E VETRARIE,3,9.62,6.98,14,19,10,5,2,50.68,0,0
2019,11,14,CHIMICA,2,12.84,6.98,12,16,9,1,4,53.74,0,0
2019,8,6,CHIMICA,3,2.51,6.97,26,31,20,31,0,46.75,0,0
2019,7,19,CHIMICA,3,2.51,6.97,26,32,19,31,0,51.95,0,0
2019,8,9,CERAMICHE E VETRARIE,3,9.58,6.95,26,31,20,31,0,46.75,0,0
2019,1,17,CHIMICA,2,12.77,6.94,6,10,2,0,22,67.65,0,0
2019,1,1,ALIMENTARE,2,11.04,6.92,6,10,2,0,22,67.65,0,0
2019,4,16,CHIMICA,2,12.73,6.92,15,20,10,12,1,52.24,0,0
2019,9,1,ALTRI,3,2.33,6.91,21,26,16,25,0,52.11,0,0
2019,11,19,CHIMICA,3,2.49,6.90,12,16,9,1,4,53.74,0,0
2019,2,17,CERAMICHE E VETRARIE,3,9.48,6.88,9,14,4,0,15,59.41,0,0
2019,3,6,CHIMICA,3,2.48,6.87,12,18,7,8,5,52.83,0,0
2019,2,13,CHIMICA,3,2.47,6.85,9,14,4,0,15,59.41,0,0
2019,9,19,CHIMICA,3,2.47,6.85,21,26,16,25,0,52.11,0,0
2019,1,12,CEMENTO CALCE E GESSO,3,4.68,6.83,6,10,2,0,22,67.65,0,0
2019,2,10,MEZZI DI TRASPORTO,3,7.17,6.82,9,14,4,0,15,59.41,0,0
2019,2,13,ALIMENTARE,2,10.89,6.82,9,14,4,0,15,59.41,0,0
2019,8,13,ALTRI,2,3.37,6.82,26,31,20,31,0,46.75,0,0
2019,8,21,METALLI NON FERROSI,2,9.53,6.81,26,31,20,31,0,46.75,0,0
2019,4,9,CERAMICHE E VETRARIE,3,9.38,6.81,15,20,10,12,1,52.24,0,0
2019,6,17,CEMENTO CALCE E GESSO,3,4.66,6.80,24,30,18,28,0,48.15,0,0
2019,10,6,CERAMICHE E VETRARIE,3,9.37,6.80,17,22,13,18,0,52.38,0,0
2019,6,1,ALIMENTARE,2,10.85,6.80,24,30,18,28,0,48.15,0,0
2019,7,17,CHIMICA,2,12.51,6.80,26,32,19,31,0,51.95,0,0
2019,11,17,CEMENTO CALCE E GESSO,3,4.66,6.79,12,16,9,1,4,53.74,0,0
2019,11,1,CARTARIA,3,23.50,6.78,12,16,9,1,4,53.74,0,0
2019,3,9,CERAMICHE E VETRARIE,3,9.33,6.77,12,18,7,8,5,52.83,0,0
2019,11,13,CHIMICA,3,2.44,6.76,12,16,9,1,4,53.74,0,0
2019,2,15,CEMENTO CALCE E GESSO,3,4.63,6.75,9,14,4,0,15,59.41,0,0
2019,6,17,ALTRI,3,2.27,6.75,24,30,18,28,0,48.15,0,0
2019,12,6,CHIMICA,3,2.43,6.74,9,13,5,0,14,48.58,0,0
2019,3,10,CARTARIA,2,12.73,6.73,12,18,7,8,5,52.83,0,0
2019,7,15,CEMENTO CALCE E GESSO,3,4.61,6.72,26,32,19,31,0,51.95,0,0
2019,2,17,CEMENTO CALCE E GESSO,3,4.61,6.72,9,14,4,0,15,59.41,0,0
2019,2,4,CEMENTO CALCE E GESSO,3,4.59,6.69,9,14,4,0,15,59.41,0,0
2019,3,17,ALTRI,3,2.23,6.64,12,18,7,8,5,52.83,0,0
2019,8,17,CERAMICHE E VETRARIE,3,9.13,6.63,26,31,20,31,0,46.75,0,0
2019,7,8,MEZZI DI TRASPORTO,3,6.97,6.63,26,32,19,31,0,51.95,0,0
2019,6,9,CERAMICHE E VETRARIE,3,9.11,6.61,24,30,18,28,0,48.15,0,0
2019,4,14,ALIMENTARE,2,10.54,6.61,15,20,10,12,1,52.24,0,0
2019,9,6,CERAMICHE E VETRARIE,3,9.09,6.60,21,26,16,25,0,52.11,0,0
2019,6,16,CHIMICA,2,12.13,6.59,24,30,18,28,0,48.15,0,0
2019,11,17,ALTRI,3,2.22,6.59,12,16,9,1,4,53.74,0,0
2019,9,9,CERAMICHE E VETRARIE,3,9.08,6.59,21,26,16,25,0,52.11,0,0
2019,11,9,CERAMICHE E VETRARIE,3,9.07,6.58,12,16,9,1,4,53.74,0,0
2019,6,15,ALTRI,2,3.25,6.58,24,30,18,28,0,48.15,0,0
2019,11,10,MEZZI DI TRASPORTO,3,6.90,6.57,12,16,9,1,4,53.74,0,0
2019,4,1,CARTARIA,3,22.77,6.57,15,20,10,12,1,52.24,0,0
2019,6,13,ALIMENTARE,2,10.47,6.56,24,30,18,28,0,48.15,0,0
2019,8,1,ALIMENTARE,2,10.46,6.56,26,31,20,31,0,46.75,0,0
2019,4,10,MEZZI DI TRASPORTO,3,6.89,6.56,15,20,10,12,1,52.24,0,0
2019,10,9,CERAMICHE E VETRARIE,3,9.02,6.55,17,22,13,18,0,52.38,0,0
2019,3,19,CHIMICA,3,2.36,6.54,12,18,7,8,5,52.83,0,0
2019,8,19,CHIMICA,3,2.35,6.52,26,31,20,31,0,46.75,0,0
2019,1,21,CEMENTO CALCE E GESSO,3,4.45,6.49,6,10,2,0,22,67.65,0,0
2019,4,7,CEMENTO CALCE E GESSO,3,4.45,6.49,15,20,10,12,1,52.24,0,0
2019,3,17,CHIMICA,2,11.91,6.47,12,18,7,8,5,52.83,0,0
2019,2,14,CHIMICA,2,11.86,6.45,9,14,4,0,15,59.41,0,0
2019,9,17,CHIMICA,2,11.83,6.43,21,26,16,25,0,52.11,0,0
2019,3,17,METALLI NON FERROSI,3,2.94,6.42,12,18,7,8,5,52.83,0,0
2019,5,1,ALIMENTARE,2,10.23,6.41,14,19,10,5,2,50.68,0,0
2019,7,9,CERAMICHE E VETRARIE,3,8.83,6.41,26,32,19,31,0,51.95,0,0
2019,5,1,ALTRI,2,3.15,6.38,14,19,10,5,2,50.68,0,0
2019,5,19,MECCANICA,3,3.32,6.36,14,19,10,5,2,50.68,0,0
2019,7,7,CEMENTO CALCE E GESSO,3,4.36,6.36,26,32,19,31,0,51.95,0,0
2019,6,10,CARTARIA,2,12.00,6.35,24,30,18,28,0,48.15,0,0
2019,11,13,ALIMENTARE,2,10.10,6.33,12,16,9,1,4,53.74,0,0
2019,10,19,MECCANICA,3,3.30,6.33,17,22,13,18,0,52.38,0,0
2019,11,21,CARTARIA,3,21.90,6.32,12,16,9,1,4,53.74,0,0
2019,3,15,CEMENTO CALCE E GESSO,3,4.33,6.32,12,18,7,8,5,52.83,0,0
2019,2,9,CERAMICHE E VETRARIE,3,8.68,6.30,9,14,4,0,15,59.41,0,0
2019,10,2,CEMENTO CALCE E GESSO,3,4.32,6.30,17,22,13,18,0,52.38,0,0
2019,5,17,CHIMICA,2,11.58,6.30,14,19,10,5,2,50.68,0,0
2019,5,15,ALTRI,2,3.11,6.30,14,19,10,5,2,50.68,0,0
2019,9,17,CEMENTO CALCE E GESSO,3,4.31,6.28,21,26,16,25,0,52.11,0,0
2019,8,14,CEMENTO CALCE E GESSO,3,4.30,6.27,26,31,20,31,0,46.75,0,0
2019,3,9,MEZZI DI TRASPORTO,3,6.59,6.27,12,18,7,8,5,52.83,0,0
2019,11,1,ALIMENTARE,2,10.00,6.27,12,16,9,1,4,53.74,0,0
2019,2,16,CHIMICA,2,11.54,6.27,9,14,4,0,15,59.41,0,0
2019,4,15,CEMENTO CALCE E GESSO,3,4.30,6.27,15,20,10,12,1,52.24,0,0
2019,12,19,MECCANICA,3,3.27,6.26,9,13,5,0,14,48.58,0,0
2019,7,17,CARTARIA,3,21.66,6.25,26,32,19,31,0,51.95,0,0
2019,10,17,CHIMICA,2,11.45,6.22,17,22,13,18,0,52.38,0,0
2019,5,17,ALTRI,3,2.09,6.22,14,19,10,5,2,50.68,0,0
2019,7,7,MEZZI DI TRASPORTO,3,6.51,6.20,26,32,19,31,0,51.95,0,0
2019,7,5,ALIMENTARE,2,9.88,6.19,26,32,19,31,0,51.95,0,0
2019,1,19,MECCANICA,3,3.22,6.17,6,10,2,0,22,67.65,0,0
2019,10,16,CHIMICA,2,11.29,6.14,17,22,13,18,0,52.38,0,0
2019,9,17,ALTRI,3,2.06,6.13,21,26,16,25,0,52.11,0,0
2019,10,1,ALIMENTARE,2,9.76,6.11,17,22,13,18,0,52.38,0,0
2019,8,19,MECCANICA,3,3.19,6.11,26,31,20,31,0,46.75,0,0
2019,9,19,MECCANICA,3,3.19,6.11,21,26,16,25,0,52.11,0,0
2019,4,17,CHIMICA,2,11.25,6.11,15,20,10,12,1,52.24,0,0
2019,10,16,METALLI NON FERROSI,3,2.80,6.11,17,22,13,18,0,52.38,0,0
2019,6,19,MECCANICA,3,3.18,6.10,24,30,18,28,0,48.15,0,0
2019,9,17,CARTARIA,3,21.10,6.09,21,26,16,25,0,52.11,0,0
2019,2,17,METALLI NON FERROSI,3,2.79,6.09,9,14,4,0,15,59.41,0,0
2019,7,7,ALTRI,2,3.00,6.08,26,32,19,31,0,51.95,0,0
2019,11,19,MECCANICA,3,3.17,6.07,12,16,9,1,4,53.74,0,0
2019,10,17,ALTRI,3,2.04,6.06,17,22,13,18,0,52.38,0,0
2019,12,21,CARTARIA,3,21.00,6.06,9,13,5,0,14,48.58,0,0
2019,8,2,MEZZI DI TRASPORTO,3,6.36,6.05,26,31,20,31,0,46.75,0,0
2019,8,1,CARTARIA,3,20.90,6.03,26,31,20,31,0,46.75,0,0
2019,4,10,CARTARIA,2,11.35,6.01,15,20,10,12,1,52.24,0,0
2019,5,10,CARTARIA,2,11.36,6.01,14,19,10,5,2,50.68,0,0
2019,7,19,MECCANICA,3,3.14,6.01,26,32,19,31,0,51.95,0,0
2019,10,17,CEMENTO CALCE E GESSO,3,4.11,6.00,17,22,13,18,0,52.38,0,0
2019,3,19,MECCANICA,3,3.13,6.00,12,18,7,8,5,52.83,0,0
2019,10,17,METALLI NON FERROSI,3,2.73,5.97,17,22,13,18,0,52.38,0,0
2019,5,7,CEMENTO CALCE E GESSO,3,4.09,5.97,14,19,10,5,2,50.68,0,0
2019,7,1,CARTARIA,3,20.65,5.96,26,32,19,31,0,51.95,0,0
2019,9,1,ALIMENTARE,2,9.51,5.96,21,26,16,25,0,52.11,0,0
2019,2,7,CEMENTO CALCE E GESSO,3,4.08,5.95,9,14,4,0,15,59.41,0,0
2019,2,17,CHIMICA,2,10.94,5.95,9,14,4,0,15,59.41,0,0
2019,6,1,ALTRI,2,2.93,5.93,24,30,18,28,0,48.15,0,0
2019,4,19,MECCANICA,3,3.10,5.93,15,20,10,12,1,52.24,0,0
2019,7,16,CHIMICA,2,10.92,5.93,26,32,19,31,0,51.95,0,0
2019,6,2,CEMENTO CALCE E GESSO,3,4.06,5.92,24,30,18,28,0,48.15,0,0
2019,5,13,CARTARIA,3,20.48,5.91,14,19,10,5,2,50.68,0,0
2019,4,1,ALTRI,2,2.92,5.91,15,20,10,12,1,52.24,0,0
2019,10,9,MEZZI DI TRASPORTO,3,6.20,5.90,17,22,13,18,0,52.38,0,0
2019,12,1,ALTRI,3,1.99,5.90,9,13,5,0,14,48.58,0,0
2019,1,7,MEZZI DI TRASPORTO,3,6.19,5.89,6,10,2,0,22,67.65,0,0
2019,7,20,ALTRI,3,1.98,5.87,26,32,19,31,0,51.95,0,0
2019,11,16,CHIMICA,2,10.79,5.87,12,16,9,1,4,53.74,0,0
2019,12,10,MEZZI DI TRASPORTO,3,6.17,5.87,9,13,5,0,14,48.58,0,0
2019,1,1,CARTARIA,3,20.31,5.86,6,10,2,0,22,67.65,0,0
2019,1,10,CARTARIA,2,11.07,5.85,6,10,2,0,22,67.65,0,0
2019,1,17,CEMENTO CALCE E GESSO,3,4.00,5.83,6,10,2,0,22,67.65,0,0
2019,5,17,METALLI NON FERROSI,3,2.66,5.82,14,19,10,5,2,50.68,0,0
2019,8,10,MEZZI DI TRASPORTO,3,6.09,5.80,26,31,20,31,0,46.75,0,0
2019,8,21,CARTARIA,3,20.06,5.79,26,31,20,31,0,46.75,0,0
2019,3,20,ALTRI,3,1.95,5.79,12,18,7,8,5,52.83,0,0
2019,5,7,CHIMICA,2,10.63,5.78,14,19,10,5,2,50.68,0,0
2019,10,7,ALTRI,2,2.85,5.76,17,22,13,18,0,52.38,0,0
2019,12,17,MECCANICA,3,3.00,5.74,9,13,5,0,14,48.58,0,0
2019,12,17,CEMENTO CALCE E GESSO,3,3.92,5.72,9,13,5,0,14,48.58,0,0
2019,6,7,ALTRI,2,2.83,5.72,24,30,18,28,0,48.15,0,0
2019,11,17,METALLI NON FERROSI,3,2.61,5.71,12,16,9,1,4,53.74,0,0
2019,7,17,METALLI NON FERROSI,3,2.61,5.71,26,32,19,31,0,51.95,0,0
2019,9,5,ALIMENTARE,2,9.09,5.70,21,26,16,25,0,52.11,0,0
2019,6,17,CARTARIA,3,19.72,5.69,24,30,18,28,0,48.15,0,0
2019,2,10,CARTARIA,2,10.75,5.69,9,14,4,0,15,59.41,0,0
2019,4,14,CHIMICA,3,2.05,5.68,15,20,10,12,1,52.24,0,0
2019,4,21,ALTRI,3,1.91,5.68,15,20,10,12,1,52.24,0,0
2019,6,20,ALTRI,3,1.91,5.67,24,30,18,28,0,48.15,0,0
2019,12,16,CHIMICA,2,10.43,5.67,9,13,5,0,14,48.58,0,0
2019,1,9,MEZZI DI TRASPORTO,3,5.96,5.67,6,10,2,0,22,67.65,0,0
2019,1,19,CEMENTO CALCE E GESSO,3,3.88,5.66,6,10,2,0,22,67.65,0,0
2019,11,13,CARTARIA,3,19.61,5.66,12,16,9,1,4,53.74,0,0
2019,3,7,CHIMICA,2,10.41,5.66,12,18,7,8,5,52.83,0,0
2019,9,1,ALTRI,2,2.79,5.66,21,26,16,25,0,52.11,0,0
2019,8,7,METALLI NON FERROSI,3,2.59,5.66,26,31,20,31,0,46.75,0,0
2019,10,8,METALLI NON FERROSI,3,2.58,5.65,17,22,13,18,0,52.38,0,0
2019,12,17,ALTRI,3,1.90,5.64,9,13,5,0,14,48.58,0,0
2019,1,17,ALTRI,3,1.89,5.63,6,10,2,0,22,67.65,0,0
2019,7,9,MEZZI DI TRASPORTO,3,5.92,5.63,26,32,19,31,0,51.95,0,0
2019,7,17,ALTRI,3,1.89,5.63,26,32,19,31,0,51.95,0,0
2019,9,7,MEZZI DI TRASPORTO,3,5.92,5.63,21,26,16,25,0,52.11,0,0
2019,9,9,MEZZI DI TRASPORTO,3,5.92,5.63,21,26,16,25,0,52.11,0,0
2019,5,5,ALIMENTARE,2,8.95,5.61,14,19,10,5,2,50.68,0,0
2019,8,5,METALLI NON FERROSI,3,2.57,5.61,26,31,20,31,0,46.75,0,0
2019,9,7,ALTRI,2,2.77,5.61,21,26,16,25,0,52.11,0,0
2019,8,5,METALLI NON FERROSI,2,7.85,5.60,26,31,20,31,0,46.75,0,0
2019,3,21,ALTRI,3,1.88,5.60,12,18,7,8,5,52.83,0,0
2019,12,13,CHIMICA,3,2.01,5.58,9,13,5,0,14,48.58,0,0
2019,2,19,MECCANICA,3,2.91,5.58,9,14,4,0,15,59.41,0,0
2019,2,1,CARTARIA,3,19.30,5.57,9,14,4,0,15,59.41,0,0
2019,4,1,ALTRI,3,1.87,5.57,15,20,10,12,1,52.24,0,0
2019,12,13,CARTARIA,3,19.27,5.56,9,13,5,0,14,48.58,0,0
2019,2,1,ALIMENTARE,2,8.86,5.55,9,14,4,0,15,59.41,0,0
2019,11,17,CHIMICA,2,10.21,5.55,12,16,9,1,4,53.74,0,0
2019,8,7,CHIMICA,2,10.20,5.55,26,31,20,31,0,46.75,0,0
2019,3,14,CEMENTO CALCE E GESSO,3,3.80,5.54,12,18,7,8,5,52.83,0,0
2019,6,5,ALIMENTARE,2,8.84,5.54,24,30,18,28,0,48.15,0,0
2019,11,7,ALTRI,2,2.73,5.53,12,16,9,1,4,53.74,0,0
2019,12,16,METALLI NON FERROSI,3,2.53,5.52,9,13,5,0,14,48.58,0,0
2019,7,7,CHIMICA,2,10.15,5.52,26,32,19,31,0,51.95,0,0
2019,3,7,ALTRI,2,2.71,5.50,12,18,7,8,5,52.83,0,0
2019,11,7,CHIMICA,2,10.11,5.50,12,16,9,1,4,53.74,0,0
2019,3,8,METALLI NON FERROSI,3,2.51,5.49,12,18,7,8,5,52.83,0,0
2019,9,17,METALLI NON FERROSI,3,2.50,5.46,21,26,16,25,0,52.11,0,0
2019,3,1,ALIMENTARE,2,8.68,5.44,12,18,7,8,5,52.83,0,0
2019,2,13,CARTARIA,2,10.23,5.41,9,14,4,0,15,59.41,0,0
2019,2,7,MEZZI DI TRASPORTO,3,5.67,5.40,9,14,4,0,15,59.41,0,0
2019,5,8,METALLI NON FERROSI,3,2.47,5.39,14,19,10,5,2,50.68,0,0
2019,7,8,METALLI NON FERROSI,3,2.47,5.39,26,32,19,31,0,51.95,0,0
2019,12,13,ALIMENTARE,2,8.58,5.38,9,13,5,0,14,48.58,0,0
2019,2,1,ALTRI,2,2.66,5.38,9,14,4,0,15,59.41,0,0
2019,11,8,METALLI NON FERROSI,3,2.46,5.37,12,16,9,1,4,53.74,0,0
2019,6,7,CHIMICA,2,9.87,5.37,24,30,18,28,0,48.15,0,0
2019,10,7,CEMENTO CALCE E GESSO,3,3.68,5.37,17,22,13,18,0,52.38,0,0
2019,5,7,MEZZI DI TRASPORTO,3,5.64,5.37,14,19,10,5,2,50.68,0,0
2019,6,7,MEZZI DI TRASPORTO,3,5.63,5.36,24,30,18,28,0,48.15,0,0
2019,6,1,CARTARIA,3,18.54,5.35,24,30,18,28,0,48.15,0,0
2019,12,9,MEZZI DI TRASPORTO,3,5.59,5.32,9,13,5,0,14,48.58,0,0
2019,4,1,ALIMENTARE,2,8.47,5.31,15,20,10,12,1,52.24,0,0
2019,11,20,ALTRI,3,1.78,5.29,12,16,9,1,4,53.74,0,0
2019,3,7,MEZZI DI TRASPORTO,3,5.56,5.29,12,18,7,8,5,52.83,0,0
2019,9,14,CEMENTO CALCE E GESSO,3,3.61,5.27,21,26,16,25,0,52.11,0,0
2019,5,7,ALTRI,2,2.60,5.27,14,19,10,5,2,50.68,0,0
2019,5,1,CARTARIA,3,18.26,5.27,14,19,10,5,2,50.68,0,0
2019,5,9,MEZZI DI TRASPORTO,3,5.53,5.26,14,19,10,5,2,50.68,0,0
2019,8,13,METALLI NON FERROSI,3,2.41,5.26,26,31,20,31,0,46.75,0,0
2019,8,14,ALIMENTARE,2,8.40,5.26,26,31,20,31,0,46.75,0,0
2019,6,9,MEZZI DI TRASPORTO,3,5.53,5.26,24,30,18,28,0,48.15,0,0
2019,6,7,CEMENTO CALCE E GESSO,3,3.61,5.26,24,30,18,28,0,48.15,0,0
2019,10,5,ALIMENTARE,2,8.37,5.25,17,22,13,18,0,52.38,0,0
2019,8,16,METALLI NON FERROSI,3,2.39,5.23,26,31,20,31,0,46.75,0,0
2019,8,5,ALIMENTARE,2,8.32,5.22,26,31,20,31,0,46.75,0,0
2019,1,8,METALLI NON FERROSI,3,2.39,5.22,6,10,2,0,22,67.65,0,0
2019,1,1,ALTRI,2,2.58,5.22,6,10,2,0,22,67.65,0,0
2019,6,21,ALTRI,3,1.76,5.22,24,30,18,28,0,48.15,0,0
2019,4,17,ALTRI,3,1.76,5.22,15,20,10,12,1,52.24,0,0
2019,5,20,ALTRI,3,1.75,5.20,14,19,10,5,2,50.68,0,0
2019,7,21,CHIMICA,2,9.57,5.20,26,32,19,31,0,51.95,0,0
2019,9,10,CARTARIA,2,9.81,5.19,21,26,16,25,0,52.11,0,0
2019,2,20,ALTRI,3,1.75,5.19,9,14,4,0,15,59.41,0,0
2019,1,20,ALTRI,3,1.75,5.19,6,10,2,0,22,67.65,0,0
2019,9,8,METALLI NON FERROSI,3,2.37,5.19,21,26,16,25,0,52.11,0,0
2019,6,13,CARTARIA,3,17.95,5.18,24,30,18,28,0,48.15,0,0
2019,8,18,ALTRI,3,1.74,5.18,26,31,20,31,0,46.75,0,0
2019,11,15,ALTRI,2,2.55,5.16,12,16,9,1,4,53.74,0,0
2019,4,20,ALTRI,3,1.73,5.15,15,20,10,12,1,52.24,0,0
2019,6,8,METALLI NON FERROSI,3,2.36,5.15,24,30,18,28,0,48.15,0,0
2019,6,17,METALLI NON FERROSI,3,2.35,5.14,24,30,18,28,0,48.15,0,0
2019,10,7,CHIMICA,2,9.46,5.14,17,22,13,18,0,52.38,0,0
2019,4,9,MEZZI DI TRASPORTO,3,5.40,5.14,15,20,10,12,1,52.24,0,0
2019,7,13,CARTARIA,3,17.74,5.12,26,32,19,31,0,51.95,0,0
2019,2,7,ALTRI,2,2.53,5.12,9,14,4,0,15,59.41,0,0
2019,2,9,MEZZI DI TRASPORTO,3,5.38,5.12,9,14,4,0,15,59.41,0,0
2019,1,16,CHIMICA,2,9.40,5.11,6,10,2,0,22,67.65,0,0
2019,7,17,CEMENTO CALCE E GESSO,3,3.50,5.10,26,32,19,31,0,51.95,0,0
2019,12,8,CERAMICHE E VETRARIE,3,7.00,5.08,9,13,5,0,14,48.58,0,0
2019,2,8,METALLI NON FERROSI,3,2.32,5.07,9,14,4,0,15,59.41,0,0
2019,10,10,CARTARIA,2,9.59,5.07,17,22,13,18,0,52.38,0,0
2019,1,7,ALTRI,2,2.50,5.06,6,10,2,0,22,67.65,0,0
2019,3,21,CARTARIA,2,9.55,5.05,12,18,7,8,5,52.83,0,0
2019,7,14,ALIMENTARE,3,34.72,5.05,26,32,19,31,0,51.95,0,0
2019,2,7,CHIMICA,2,9.26,5.04,9,14,4,0,15,59.41,0,0
2019,9,7,CEMENTO CALCE E GESSO,3,3.46,5.04,21,26,16,25,0,52.11,0,0
2019,4,8,METALLI NON FERROSI,3,2.31,5.04,15,20,10,12,1,52.24,0,0
2019,7,6,MEZZI DI TRASPORTO,3,5.28,5.03,26,32,19,31,0,51.95,0,0
2019,1,17,METALLI NON FERROSI,3,2.30,5.03,6,10,2,0,22,67.65,0,0
2019,5,18,METALLI NON FERROSI,3,2.30,5.03,14,19,10,5,2,50.68,0,0
2019,3,5,ALIMENTARE,2,8.02,5.02,12,18,7,8,5,52.83,0,0
2019,12,1,CARTARIA,3,17.36,5.01,9,13,5,0,14,48.58,0,0
2019,3,18,METALLI NON FERROSI,3,2.29,5.00,12,18,7,8,5,52.83,0,0
2019,10,8,CERAMICHE E VETRARIE,3,6.89,5.00,17,22,13,18,0,52.38,0,0
2019,4,7,ALTRI,2,2.47,5.00,15,20,10,12,1,52.24,0,0
2019,10,21,CHIMICA,2,9.18,4.99,17,22,13,18,0,52.38,0,0
2019,3,14,SIDERURGIA,3,0.40,4.98,12,18,7,8,5,52.83,0,0
2019,8,10,CARTARIA,2,9.42,4.98,26,31,20,31,0,46.75,0,0
2019,1,18,METALLI NON FERROSI,3,2.28,4.98,6,10,2,0,22,67.65,0,0
2019,1,5,ALIMENTARE,2,7.95,4.98,6,10,2,0,22,67.65,0,0
2019,7,21,ALIMENTARE,3,34.24,4.98,26,32,19,31,0,51.95,0,0
2019,9,15,ALTRI,2,2.45,4.97,21,26,16,25,0,52.11,0,0
2019,3,14,CHIMICA,3,1.79,4.97,12,18,7,8,5,52.83,0,0
2019,12,17,CHIMICA,2,9.15,4.97,9,13,5,0,14,48.58,0,0
2019,3,21,CHIMICA,2,9.12,4.96,12,18,7,8,5,52.83,0,0
2019,4,21,CARTARIA,2,9.37,4.96,15,20,10,12,1,52.24,0,0
2019,4,7,CHIMICA,2,9.10,4.95,15,20,10,12,1,52.24,0,0
2019,1,7,CHIMICA,2,9.10,4.95,6,10,2,0,22,67.65,0,0
2019,11,17,CARTARIA,3,17.12,4.94,12,16,9,1,4,53.74,0,0
2019,9,8,MEZZI DI TRASPORTO,3,5.19,4.94,21,26,16,25,0,52.11,0,0
2019,10,7,MEZZI DI TRASPORTO,3,5.18,4.93,17,22,13,18,0,52.38,0,0
2019,2,21,CARTARIA,2,9.28,4.91,9,14,4,0,15,59.41,0,0
2019,8,1,ALTRI,2,2.42,4.90,26,31,20,31,0,46.75,0,0
2019,10,17,CARTARIA,3,16.98,4.90,17,22,13,18,0,52.38,0,0
2019,7,18,METALLI NON FERROSI,3,2.24,4.89,26,32,19,31,0,51.95,0,0
2019,7,17,MEZZI DI TRASPORTO,3,5.13,4.88,26,32,19,31,0,51.95,0,0
2019,4,7,MEZZI DI TRASPORTO,3,5.13,4.88,15,20,10,12,1,52.24,0,0
2019,11,7,MEZZI DI TRASPORTO,3,5.13,4.88,12,16,9,1,4,53.74,0,0
2019,12,7,CHIMICA,2,8.97,4.88,9,13,5,0,14,48.58,0,0
2019,5,14,ALIMENTARE,3,33.55,4.88,14,19,10,5,2,50.68,0,0
2019,5,21,CHIMICA,2,8.96,4.87,14,19,10,5,2,50.68,0,0
2019,6,21,ALIMENTARE,3,33.42,4.86,24,30,18,28,0,48.15,0,0
2019,8,8,CERAMICHE E VETRARIE,3,6.68,4.85,26,31,20,31,0,46.75,0,0
2019,4,18,METALLI NON FERROSI,3,2.21,4.84,15,20,10,12,1,52.24,0,0
2019,11,8,CERAMICHE E VETRARIE,3,6.65,4.83,12,16,9,1,4,53.74,0,0
2019,8,20,ALTRI,3,1.63,4.83,26,31,20,31,0,46.75,0,0
2019,10,18,METALLI NON FERROSI,3,2.21,4.82,17,22,13,18,0,52.38,0,0
2019,5,8,CERAMICHE E VETRARIE,3,6.63,4.81,14,19,10,5,2,50.68,0,0
2019,8,17,CEMENTO CALCE E GESSO,3,3.30,4.81,26,31,20,31,0,46.75,0,0
2019,9,16,CHIMICA,2,8.85,4.81,21,26,16,25,0,52.11,0,0
2019,1,21,CHIMICA,2,8.84,4.81,6,10,2,0,22,67.65,0,0
2019,8,13,CARTARIA,3,16.60,4.79,26,31,20,31,0,46.75,0,0
2019,8,10,MECCANICA,2,10.64,4.76,26,31,20,31,0,46.75,0,0
2019,11,21,CHIMICA,2,8.76,4.76,12,16,9,1,4,53.74,0,0
2019,11,5,ALIMENTARE,2,7.59,4.75,12,16,9,1,4,53.74,0,0
2019,7,15,ALTRI,2,2.34,4.75,26,32,19,31,0,51.95,0,0
2019,4,17,METALLI NON FERROSI,3,2.17,4.74,15,20,10,12,1,52.24,0,0
2019,7,21,CARTARIA,2,8.95,4.73,26,32,19,31,0,51.95,0,0
2019,3,8,CERAMICHE E VETRARIE,3,6.49,4.71,12,18,7,8,5,52.83,0,0
2019,7,21,MECCANICA,2,10.51,4.70,26,32,19,31,0,51.95,0,0
2019,1,19,ALTRI,2,2.32,4.70,6,10,2,0,22,67.65,0,0
2019,6,21,CHIMICA,2,8.61,4.68,24,30,18,28,0,48.15,0,0
2019,11,18,METALLI NON FERROSI,3,2.14,4.67,12,16,9,1,4,53.74,0,0
2019,12,5,ALIMENTARE,2,7.46,4.67,9,13,5,0,14,48.58,0,0
2019,12,14,CEMENTO CALCE E GESSO,3,3.20,4.66,9,13,5,0,14,48.58,0,0
2019,11,9,MEZZI DI TRASPORTO,3,4.90,4.66,12,16,9,1,4,53.74,0,0
2019,10,14,ALIMENTARE,3,32.04,4.66,17,22,13,18,0,52.38,0,0
2019,4,8,CERAMICHE E VETRARIE,3,6.42,4.66,15,20,10,12,1,52.24,0,0
2019,7,8,CERAMICHE E VETRARIE,3,6.42,4.66,26,32,19,31,0,51.95,0,0
2019,12,7,MEZZI DI TRASPORTO,3,4.89,4.65,9,13,5,0,14,48.58,0,0
2019,2,21,CHIMICA,2,8.55,4.65,9,14,4,0,15,59.41,0,0
2019,3,1,CARTARIA,3,16.04,4.63,12,18,7,8,5,52.83,0,0
2019,12,15,CEMENTO CALCE E GESSO,3,3.18,4.63,9,13,5,0,14,48.58,0,0
2019,1,14,ALIMENTARE,3,31.77,4.62,6,10,2,0,22,67.65,0,0
2019,3,15,MECCANICA,3,2.41,4.62,12,18,7,8,5,52.83,0,0
2019,4,10,ALIMENTARE,3,31.77,4.62,15,20,10,12,1,52.24,0,0
2019,8,18,METALLI NON FERROSI,3,2.11,4.62,26,31,20,31,0,46.75,0,0
2019,9,8,CERAMICHE E VETRARIE,3,6.37,4.62,21,26,16,25,0,52.11,0,0
2019,10,21,MECCANICA,2,10.32,4.61,17,22,13,18,0,52.38,0,0
2019,2,18,METALLI NON FERROSI,3,2.10,4.60,9,14,4,0,15,59.41,0,0
2019,12,21,ALIMENTARE,2,7.32,4.59,9,13,5,0,14,48.58,0,0
2019,10,14,CHIMICA,3,1.66,4.59,17,22,13,18,0,52.38,0,0
2019,5,15,CEMENTO CALCE E GESSO,3,3.13,4.57,14,19,10,5,2,50.68,0,0
2019,8,18,SIDERURGIA,3,0.37,4.57,26,31,20,31,0,46.75,0,0
2019,3,19,ALTRI,2,2.26,4.57,12,18,7,8,5,52.83,0,0
2019,1,10,MEZZI DI TRASPORTO,2,124.31,4.57,6,10,2,0,22,67.65,0,0
2019,12,7,CEMENTO CALCE E GESSO,3,3.13,4.56,9,13,5,0,14,48.58,0,0
2019,6,8,CERAMICHE E VETRARIE,3,6.28,4.56,24,30,18,28,0,48.15,0,0
2019,7,11,METALLI NON FERROSI,3,2.09,4.56,26,32,19,31,0,51.95,0,0
2019,12,7,ALTRI,2,2.25,4.55,9,13,5,0,14,48.58,0,0
2019,12,17,SIDERURGIA,3,0.37,4.54,9,13,5,0,14,48.58,0,0
2019,11,14,ALIMENTARE,3,31.22,4.54,12,16,9,1,4,53.74,0,0
2019,9,16,METALLI NON FERROSI,3,2.08,4.54,21,26,16,25,0,52.11,0,0
2019,1,15,ALTRI,2,2.24,4.53,6,10,2,0,22,67.65,0,0
2019,10,21,ALIMENTARE,2,7.23,4.53,17,22,13,18,0,52.38,0,0
2019,9,14,ALIMENTARE,3,31.08,4.52,21,26,16,25,0,52.11,0,0
2019,7,11,METALLI NON FERROSI,2,6.31,4.51,26,32,19,31,0,51.95,0,0
2019,7,10,MEZZI DI TRASPORTO,2,122.54,4.51,26,32,19,31,0,51.95,0,0
2019,1,13,CARTARIA,2,8.51,4.50,6,10,2,0,22,67.65,0,0
2019,6,21,CARTARIA,2,8.51,4.50,24,30,18,28,0,48.15,0,0
2019,6,10,ALIMENTARE,3,30.94,4.50,24,30,18,28,0,48.15,0,0
2019,9,10,ALIMENTARE,3,30.87,4.49,21,26,16,25,0,52.11,0,0
2019,8,14,CHIMICA,3,1.62,4.49,26,31,20,31,0,46.75,0,0
2019,7,14,CHIMICA,3,1.62,4.49,26,32,19,31,0,51.95,0,0
2019,10,13,CERAMICHE E VETRARIE,3,6.17,4.48,17,22,13,18,0,52.38,0,0
2019,10,13,ALIMENTARE,3,30.80,4.48,17,22,13,18,0,52.38,0,0
2019,7,16,METALLI NON FERROSI,3,2.05,4.48,26,32,19,31,0,51.95,0,0
2019,5,11,METALLI NON FERROSI,3,2.04,4.47,14,19,10,5,2,50.68,0,0
2019,3,11,METALLI NON FERROSI,3,2.04,4.47,12,18,7,8,5,52.83,0,0
2019,4,21,CHIMICA,2,8.20,4.46,15,20,10,12,1,52.24,0,0
2019,7,13,CERAMICHE E VETRARIE,3,6.15,4.46,26,32,19,31,0,51.95,0,0
2019,10,19,ALTRI,2,2.20,4.45,17,22,13,18,0,52.38,0,0
2019,8,13,CERAMICHE E VETRARIE,3,6.13,4.45,26,31,20,31,0,46.75,0,0
2019,8,12,ALTRI,3,1.49,4.44,26,31,20,31,0,46.75,0,0
2019,4,5,ALIMENTARE,2,7.09,4.44,15,20,10,12,1,52.24,0,0
2019,12,19,CHIMICA,3,1.60,4.44,9,13,5,0,14,48.58,0,0
2019,1,8,CERAMICHE E VETRARIE,3,6.10,4.43,6,10,2,0,22,67.65,0,0
2019,12,20,ALTRI,3,1.49,4.43,9,13,5,0,14,48.58,0,0
2019,3,11,METALLI NON FERROSI,2,6.18,4.42,12,18,7,8,5,52.83,0,0
2019,5,11,METALLI NON FERROSI,2,6.19,4.42,14,19,10,5,2,50.68,0,0
2019,3,16,ALTRI,3,1.48,4.40,12,18,7,8,5,52.83,0,0
2019,5,14,CHIMICA,3,1.59,4.40,14,19,10,5,2,50.68,0,0
2019,10,11,METALLI NON FERROSI,3,2.01,4.40,17,22,13,18,0,52.38,0,0
2019,12,1,ALIMENTARE,2,7.01,4.39,9,13,5,0,14,48.58,0,0
2019,8,9,MEZZI DI TRASPORTO,3,4.61,4.39,26,31,20,31,0,46.75,0,0
2019,9,14,CHIMICA,3,1.58,4.39,21,26,16,25,0,52.11,0,0
2019,9,21,ALIMENTARE,2,7.00,4.39,21,26,16,25,0,52.11,0,0
2019,8,7,MEZZI DI TRASPORTO,3,4.60,4.38,26,31,20,31,0,46.75,0,0
2019,11,10,CARTARIA,2,8.28,4.38,12,16,9,1,4,53.74,0,0
2019,6,8,MEZZI DI TRASPORTO,3,4.59,4.37,24,30,18,28,0,48.15,0,0
2019,6,6,ALIMENTARE,3,30.05,4.37,24,30,18,28,0,48.15,0,0
2019,5,10,MEZZI DI TRASPORTO,2,118.92,4.37,14,19,10,5,2,50.68,0,0
2019,6,18,METALLI NON FERROSI,3,2.00,4.37,24,30,18,28,0,48.15,0,0
2019,12,13,CERAMICHE E VETRARIE,3,6.01,4.36,9,13,5,0,14,48.58,0,0
2019,5,13,CERAMICHE E VETRARIE,3,6.01,4.36,14,19,10,5,2,50.68,0,0
2019,7,10,ALIMENTARE,3,29.98,4.36,26,32,19,31,0,51.95,0,0
2019,10,11,METALLI NON FERROSI,2,6.09,4.35,17,22,13,18,0,52.38,0,0
2019,8,10,ALIMENTARE,3,29.91,4.35,26,31,20,31,0,46.75,0,0
2019,11,17,MEZZI DI TRASPORTO,3,4.57,4.35,12,16,9,1,4,53.74,0,0
2019,3,13,CERAMICHE E VETRARIE,3,5.98,4.34,12,18,7,8,5,52.83,0,0
2019,2,14,CHIMICA,3,1.57,4.34,9,14,4,0,15,59.41,0,0
2019,8,17,SIDERURGIA,3,0.35,4.33,26,31,20,31,0,46.75,0,0
2019,9,13,CERAMICHE E VETRARIE,3,5.97,4.33,21,26,16,25,0,52.11,0,0
2019,11,19,ALTRI,2,2.13,4.32,12,16,9,1,4,53.74,0,0
2019,10,12,ALTRI,3,1.45,4.32,17,22,13,18,0,52.38,0,0
2019,10,10,MEZZI DI TRASPORTO,2,117.46,4.32,17,22,13,18,0,52.38,0,0
2019,2,11,METALLI NON FERROSI,3,1.97,4.31,9,14,4,0,15,59.41,0,0
2019,2,17,ALTRI,3,1.45,4.31,9,14,4,0,15,59.41,0,0
2019,5,21,MECCANICA,2,9.65,4.31,14,19,10,5,2,50.68,0,0
2019,6,19,ALTRI,2,2.13,4.31,24,30,18,28,0,48.15,0,0
2019,5,19,ALTRI,2,2.13,4.31,14,19,10,5,2,50.68,0,0
2019,7,12,ALTRI,3,1.45,4.30,26,32,19,31,0,51.95,0,0
2019,3,21,ALIMENTARE,2,6.87,4.30,12,18,7,8,5,52.83,0,0
2019,2,19,ALTRI,2,2.12,4.29,9,14,4,0,15,59.41,0,0
2019,4,15,ALTRI,2,2.12,4.29,15,20,10,12,1,52.24,0,0
2019,11,13,CERAMICHE E VETRARIE,3,5.90,4.28,12,16,9,1,4,53.74,0,0
2019,11,15,CEMENTO CALCE E GESSO,3,2.94,4.28,12,16,9,1,4,53.74,0,0
2019,11,14,CHIMICA,3,1.54,4.28,12,16,9,1,4,53.74,0,0
2019,9,6,ALIMENTARE,3,29.43,4.28,21,26,16,25,0,52.11,0,0
2019,4,15,MECCANICA,3,2.23,4.27,15,20,10,12,1,52.24,0,0
2019,1,15,CEMENTO CALCE E GESSO,3,2.93,4.27,6,10,2,0,22,67.65,0,0
2019,1,13,CERAMICHE E VETRARIE,3,5.88,4.27,6,10,2,0,22,67.65,0,0
2019,6,13,CERAMICHE E VETRARIE,3,5.87,4.26,24,30,18,28,0,48.15,0,0
2019,8,6,ALIMENTARE,3,29.29,4.26,26,31,20,31,0,46.75,0,0
2019,3,10,MEZZI DI TRASPORTO,2,115.93,4.26,12,18,7,8,5,52.83,0,0
2019,6,14,CHIMICA,3,1.53,4.25,24,30,18,28,0,48.15,0,0
2019,7,19,ALTRI,2,2.10,4.25,26,32,19,31,0,51.95,0,0
2019,6,17,MEZZI DI TRASPORTO,3,4.47,4.25,24,30,18,28,0,48.15,0,0
2019,3,21,MECCANICA,2,9.50,4.25,12,18,7,8,5,52.83,0,0
2019,2,11,METALLI NON FERROSI,2,5.95,4.25,9,14,4,0,15,59.41,0,0
2019,12,1,ALTRI,2,2.10,4.25,9,13,5,0,14,48.58,0,0
2019,1,14,CHIMICA,3,1.53,4.24,6,10,2,0,22,67.65,0,0
2019,10,17,MEZZI DI TRASPORTO,3,4.45,4.24,17,22,13,18,0,52.38,0,0
2019,2,21,ALTRI,3,1.42,4.23,9,14,4,0,15,59.41,0,0
2019,12,14,CHIMICA,3,1.53,4.23,9,13,5,0,14,48.58,0,0
2019,9,17,MEZZI DI TRASPORTO,3,4.44,4.23,21,26,16,25,0,52.11,0,0
2019,9,12,ALTRI,3,1.42,4.21,21,26,16,25,0,52.11,0,0
2019,9,19,ALTRI,2,2.08,4.21,21,26,16,25,0,52.11,0,0
2019,2,5,ALIMENTARE,2,6.72,4.21,9,14,4,0,15,59.41,0,0
2019,2,10,MEZZI DI TRASPORTO,2,114.32,4.21,9,14,4,0,15,59.41,0,0
2019,9,21,MECCANICA,2,9.42,4.21,21,26,16,25,0,52.11,0,0
2019,5,15,MECCANICA,3,2.20,4.21,14,19,10,5,2,50.68,0,0
2019,2,8,CERAMICHE E VETRARIE,3,5.79,4.20,9,14,4,0,15,59.41,0,0
2019,4,19,ALTRI,2,2.07,4.20,15,20,10,12,1,52.24,0,0
2019,5,6,METALLI NON FERROSI,2,5.88,4.20,14,19,10,5,2,50.68,0,0
2019,1,12,ALTRI,3,1.41,4.19,6,10,2,0,22,67.65,0,0
2019,4,13,CERAMICHE E VETRARIE,3,5.76,4.18,15,20,10,12,1,52.24,0,0
2019,8,17,CARTARIA,3,14.49,4.18,26,31,20,31,0,46.75,0,0
2019,6,11,METALLI NON FERROSI,3,1.91,4.17,24,30,18,28,0,48.15,0,0
2019,2,17,CARTARIA,3,14.42,4.16,9,14,4,0,15,59.41,0,0
2019,12,18,METALLI NON FERROSI,3,1.90,4.16,9,13,5,0,14,48.58,0,0
2019,9,21,CHIMICA,2,7.66,4.16,21,26,16,25,0,52.11,0,0
2019,10,1,CARTARIA,3,14.38,4.15,17,22,13,18,0,52.38,0,0
2019,6,14,ALIMENTARE,3,28.47,4.14,24,30,18,28,0,48.15,0,0
2019,2,21,ALIMENTARE,2,6.59,4.13,9,14,4,0,15,59.41,0,0
2019,6,11,METALLI NON FERROSI,2,5.78,4.13,24,30,18,28,0,48.15,0,0
2019,2,14,ALIMENTARE,3,28.40,4.13,9,14,4,0,15,59.41,0,0
2019,10,15,MECCANICA,3,2.16,4.13,17,22,13,18,0,52.38,0,0
2019,11,7,CEMENTO CALCE E GESSO,3,2.83,4.13,12,16,9,1,4,53.74,0,0
2019,11,21,ALIMENTARE,2,6.56,4.11,12,16,9,1,4,53.74,0,0
2019,9,11,METALLI NON FERROSI,3,1.88,4.11,21,26,16,25,0,52.11,0,0
2019,10,21,ALTRI,3,1.38,4.10,17,22,13,18,0,52.38,0,0
2019,7,16,ALIMENTARE,2,6.53,4.09,26,32,19,31,0,51.95,0,0
2019,7,5,CARTARIA,2,7.70,4.07,26,32,19,31,0,51.95,0,0
2019,9,13,CARTARIA,3,14.07,4.06,21,26,16,25,0,52.11,0,0
2019,2,15,ALTRI,2,2.01,4.06,9,14,4,0,15,59.41,0,0
2019,11,11,METALLI NON FERROSI,3,1.85,4.05,12,16,9,1,4,53.74,0,0
2019,3,12,ALTRI,3,1.36,4.05,12,18,7,8,5,52.83,0,0
2019,8,17,CHIMICA,2,7.46,4.05,26,31,20,31,0,46.75,0,0
2019,10,10,ALIMENTARE,3,27.85,4.05,17,22,13,18,0,52.38,0,0
2019,9,20,ALTRI,3,1.36,4.04,21,26,16,25,0,52.11,0,0
2019,6,10,MEZZI DI TRASPORTO,2,109.75,4.04,24,30,18,28,0,48.15,0,0
2019,9,11,METALLI NON FERROSI,2,5.65,4.04,21,26,16,25,0,52.11,0,0
2019,3,6,METALLI NON FERROSI,2,5.65,4.03,12,18,7,8,5,52.83,0,0
2019,3,14,ALIMENTARE,3,27.71,4.03,12,18,7,8,5,52.83,0,0
2019,11,15,MECCANICA,3,2.10,4.03,12,16,9,1,4,53.74,0,0
2019,10,21,CARTARIA,2,7.59,4.02,17,22,13,18,0,52.38,0,0
2019,5,17,MEZZI DI TRASPORTO,3,4.21,4.01,14,19,10,5,2,50.68,0,0
2019,9,10,MEZZI DI TRASPORTO,2,109.01,4.01,21,26,16,25,0,52.11,0,0
2019,1,15,MECCANICA,3,2.09,4.01,6,10,2,0,22,67.65,0,0
2019,11,11,METALLI NON FERROSI,2,5.60,4.00,12,16,9,1,4,53.74,0,0
2019,10,6,ALIMENTARE,3,27.50,4.00,17,22,13,18,0,52.38,0,0
2019,2,21,MECCANICA,2,8.94,4.00,9,14,4,0,15,59.41,0,0
2019,6,10,CARTARIA,3,13.86,4.00,24,30,18,28,0,48.15,0,0
2019,7,15,MECCANICA,3,2.08,3.99,26,32,19,31,0,51.95,0,0
2019,5,21,ALIMENTARE,2,6.34,3.98,14,19,10,5,2,50.68,0,0
2019,6,21,MECCANICA,2,8.89,3.98,24,30,18,28,0,48.15,0,0
2019,4,21,MECCANICA,2,8.88,3.97,15,20,10,12,1,52.24,0,0
2019,6,13,ALIMENTARE,3,27.23,3.96,24,30,18,28,0,48.15,0,0
2019,10,5,CARTARIA,2,7.48,3.96,17,22,13,18,0,52.38,0,0
2019,4,14,ALIMENTARE,3,27.23,3.96,15,20,10,12,1,52.24,0,0
2019,1,7,CEMENTO CALCE E GESSO,3,2.71,3.95,6,10,2,0,22,67.65,0,0
2019,5,12,ALTRI,3,1.33,3.94,14,19,10,5,2,50.68,0,0
2019,6,12,ALTRI,3,1.33,3.94,24,30,18,28,0,48.15,0,0
2019,9,15,CEMENTO CALCE E GESSO,3,2.70,3.94,21,26,16,25,0,52.11,0,0
2019,3,15,ALTRI,2,1.95,3.94,12,18,7,8,5,52.83,0,0
2019,9,21,CARTARIA,2,7.40,3.92,21,26,16,25,0,52.11,0,0
2019,1,21,MECCANICA,2,8.76,3.92,6,10,2,0,22,67.65,0,0
2019,7,21,ALIMENTARE,2,6.24,3.91,26,32,19,31,0,51.95,0,0
2019,6,15,MECCANICA,3,2.04,3.91,24,30,18,28,0,48.15,0,0
2019,7,6,SIDERURGIA,2,55.47,3.90,26,32,19,31,0,51.95,0,0
2019,1,11,METALLI NON FERROSI,3,1.78,3.90,6,10,2,0,22,67.65,0,0
2019,2,15,MECCANICA,3,2.04,3.90,9,14,4,0,15,59.41,0,0
2019,1,4,CEMENTO CALCE E GESSO,3,2.67,3.89,6,10,2,0,22,67.65,0,0
2019,10,6,SIDERURGIA,2,55.35,3.89,17,22,13,18,0,52.38,0,0
2019,6,21,ALIMENTARE,2,6.20,3.89,24,30,18,28,0,48.15,0,0
2019,4,12,ALTRI,3,1.31,3.88,15,20,10,12,1,52.24,0,0
2019,11,12,ALTRI,3,1.30,3.87,12,16,9,1,4,53.74,0,0
2019,8,17,ALTRI,3,1.30,3.87,26,31,20,31,0,46.75,0,0
2019,3,17,MEZZI DI TRASPORTO,3,4.07,3.87,12,18,7,8,5,52.83,0,0
2019,9,21,ALTRI,3,1.30,3.87,21,26,16,25,0,52.11,0,0
2019,12,12,ALTRI,3,1.30,3.86,9,13,5,0,14,48.58,0,0
2019,12,14,ALIMENTARE,3,26.47,3.85,9,13,5,0,14,48.58,0,0
2019,9,15,MECCANICA,3,2.01,3.85,21,26,16,25,0,52.11,0,0
2019,8,16,CHIMICA,2,7.07,3.84,26,31,20,31,0,46.75,0,0
2019,8,1,ALTRI,3,1.29,3.83,26,31,20,31,0,46.75,0,0
2019,2,13,CERAMICHE E VETRARIE,3,5.28,3.83,9,14,4,0,15,59.41,0,0
2019,12,17,CARTARIA,3,13.24,3.82,9,13,5,0,14,48.58,0,0
2019,11,10,MEZZI DI TRASPORTO,2,103.91,3.82,12,16,9,1,4,53.74,0,0
2019,8,18,MEZZI DI TRASPORTO,3,4.01,3.82,26,31,20,31,0,46.75,0,0
2019,4,11,METALLI NON FERROSI,3,1.75,3.82,15,20,10,12,1,52.24,0,0
2019,4,21,ALIMENTARE,2,6.10,3.82,15,20,10,12,1,52.24,0,0
2019,7,2,ALIMENTARE,2,6.08,3.81,26,32,19,31,0,51.95,0,0
2019,11,21,MECCANICA,2,8.46,3.78,12,16,9,1,4,53.74,0,0
2019,1,11,METALLI NON FERROSI,2,5.30,3.78,6,10,2,0,22,67.65,0,0
2019,2,6,METALLI NON FERROSI,2,5.29,3.78,9,14,4,0,15,59.41,0,0
2019,7,7,ALIMENTARE,2,6.02,3.77,26,32,19,31,0,51.95,0,0
2019,8,8,MEZZI DI TRASPORTO,3,3.96,3.77,26,31,20,31,0,46.75,0,0
2019,4,17,MEZZI DI TRASPORTO,3,3.96,3.77,15,20,10,12,1,52.24,0,0
2019,4,11,METALLI NON FERROSI,2,5.29,3.77,15,20,10,12,1,52.24,0,0
2019,8,6,CERAMICHE E VETRARIE,3,5.15,3.74,26,31,20,31,0,46.75,0,0
2019,3,5,CARTARIA,2,7.05,3.73,12,18,7,8,5,52.83,0,0
2019,5,7,ALIMENTARE,2,5.94,3.72,14,19,10,5,2,50.68,0,0
2019,5,6,SIDERURGIA,2,52.81,3.71,14,19,10,5,2,50.68,0,0
2019,5,5,CARTARIA,2,7.00,3.71,14,19,10,5,2,50.68,0,0
2019,8,14,ALIMENTARE,3,25.44,3.70,26,31,20,31,0,46.75,0,0
2019,6,5,CARTARIA,2,6.99,3.70,24,30,18,28,0,48.15,0,0
2019,10,8,MEZZI DI TRASPORTO,3,3.89,3.70,17,22,13,18,0,52.38,0,0
2019,5,21,CARTARIA,2,6.98,3.69,14,19,10,5,2,50.68,0,0
2019,9,6,METALLI NON FERROSI,2,5.14,3.67,21,26,16,25,0,52.11,0,0
2019,10,6,MEZZI DI TRASPORTO,3,3.85,3.66,17,22,13,18,0,52.38,0,0
2019,1,17,MEZZI DI TRASPORTO,3,3.83,3.65,6,10,2,0,22,67.65,0,0
2019,5,15,ALIMENTARE,2,5.82,3.65,14,19,10,5,2,50.68,0,0
2019,8,7,CEMENTO CALCE E GESSO,3,2.50,3.65,26,31,20,31,0,46.75,0,0
2019,1,21,ALIMENTARE,2,5.80,3.64,6,10,2,0,22,67.65,0,0
2019,5,16,ALIMENTARE,2,5.81,3.64,14,19,10,5,2,50.68,0,0
2019,1,21,CARTARIA,2,6.86,3.63,6,10,2,0,22,67.65,0,0
2019,10,17,MECCANICA,2,8.12,3.63,17,22,13,18,0,52.38,0,0
2019,11,5,CARTARIA,2,6.85,3.62,12,16,9,1,4,53.74,0,0
2019,6,16,ALIMENTARE,2,5.77,3.62,24,30,18,28,0,48.15,0,0
2019,4,5,CARTARIA,2,6.83,3.61,15,20,10,12,1,52.24,0,0
2019,8,21,ALIMENTARE,3,24.82,3.61,26,31,20,31,0,46.75,0,0
2019,12,19,ALTRI,2,1.78,3.61,9,13,5,0,14,48.58,0,0
2019,2,5,CARTARIA,2,6.79,3.59,9,14,4,0,15,59.41,0,0
2019,6,6,METALLI NON FERROSI,2,5.03,3.59,24,30,18,28,0,48.15,0,0
2019,3,6,SIDERURGIA,2,50.76,3.57,12,18,7,8,5,52.83,0,0
2019,7,1,MECCANICA,2,7.98,3.57,26,32,19,31,0,51.95,0,0
2019,10,1,MECCANICA,2,7.95,3.56,17,22,13,18,0,52.38,0,0
2019,8,6,SIDERURGIA,3,0.29,3.56,26,31,20,31,0,46.75,0,0
2019,5,10,ALIMENTARE,3,24.48,3.56,14,19,10,5,2,50.68,0,0
2019,11,7,ALIMENTARE,2,5.68,3.56,12,16,9,1,4,53.74,0,0
2019,1,7,MECCANICA,3,1.86,3.56,6,10,2,0,22,67.65,0,0
2019,1,5,CARTARIA,2,6.71,3.55,6,10,2,0,22,67.65,0,0
2019,7,6,ALIMENTARE,3,24.41,3.55,26,32,19,31,0,51.95,0,0
2019,1,6,METALLI NON FERROSI,2,4.96,3.54,6,10,2,0,22,67.65,0,0
2019,11,16,ALTRI,3,1.19,3.54,12,16,9,1,4,53.74,0,0
2019,8,19,ALTRI,2,1.75,3.54,26,31,20,31,0,46.75,0,0
2019,8,16,ALIMENTARE,2,5.63,3.53,26,31,20,31,0,46.75,0,0
2019,3,17,CARTARIA,3,12.23,3.53,12,18,7,8,5,52.83,0,0
2019,2,17,MEZZI DI TRASPORTO,3,3.70,3.52,9,14,4,0,15,59.41,0,0
2019,2,12,ALTRI,3,1.18,3.52,9,14,4,0,15,59.41,0,0
2019,11,1,MECCANICA,2,7.87,3.52,12,16,9,1,4,53.74,0,0
2019,6,7,ALIMENTARE,2,5.62,3.52,24,30,18,28,0,48.15,0,0
2019,7,17,MECCANICA,2,7.84,3.51,26,32,19,31,0,51.95,0,0
2019,12,21,CARTARIA,2,6.61,3.50,9,13,5,0,14,48.58,0,0
2019,3,17,MECCANICA,2,7.80,3.49,12,18,7,8,5,52.83,0,0
2019,5,14,SIDERURGIA,3,0.28,3.49,14,19,10,5,2,50.68,0,0
2019,12,10,CARTARIA,2,6.60,3.49,9,13,5,0,14,48.58,0,0
2019,7,6,METALLI NON FERROSI,2,4.88,3.49,26,32,19,31,0,51.95,0,0
2019,1,15,ALIMENTARE,2,5.56,3.48,6,10,2,0,22,67.65,0,0
2019,2,6,SIDERURGIA,2,49.45,3.48,9,14,4,0,15,59.41,0,0
2019,8,6,MEZZI DI TRASPORTO,3,3.66,3.48,26,31,20,31,0,46.75,0,0
2019,8,21,ALIMENTARE,2,5.53,3.47,26,31,20,31,0,46.75,0,0
2019,9,17,MECCANICA,2,7.76,3.47,21,26,16,25,0,52.11,0,0
2019,6,16,METALLI NON FERROSI,3,1.59,3.47,24,30,18,28,0,48.15,0,0
2019,1,7,ALIMENTARE,2,5.54,3.47,6,10,2,0,22,67.65,0,0
2019,11,17,MECCANICA,2,7.73,3.46,12,16,9,1,4,53.74,0,0
2019,9,7,ALIMENTARE,2,5.52,3.46,21,26,16,25,0,52.11,0,0
2019,4,6,METALLI NON FERROSI,2,4.82,3.44,15,20,10,12,1,52.24,0,0
2019,1,17,MECCANICA,2,7.69,3.44,6,10,2,0,22,67.65,0,0
2019,9,18,METALLI NON FERROSI,3,1.57,3.44,21,26,16,25,0,52.11,0,0
2019,4,10,MEZZI DI TRASPORTO,2,93.25,3.43,15,20,10,12,1,52.24,0,0
2019,7,15,ALIMENTARE,2,5.48,3.43,26,32,19,31,0,51.95,0,0
2019,11,21,ALTRI,3,1.15,3.43,12,16,9,1,4,53.74,0,0
2019,11,6,SIDERURGIA,2,48.83,3.43,12,16,9,1,4,53.74,0,0
2019,7,5,CHIMICA,2,6.29,3.42,26,32,19,31,0,51.95,0,0
2019,5,17,CARTARIA,3,11.85,3.42,14,19,10,5,2,50.68,0,0
2019,12,21,CHIMICA,2,6.27,3.41,9,13,5,0,14,48.58,0,0
2019,10,7,ALIMENTARE,2,5.44,3.41,17,22,13,18,0,52.38,0,0
2019,1,16,ALIMENTARE,2,5.42,3.40,6,10,2,0,22,67.65,0,0
2019,1,6,SIDERURGIA,2,48.33,3.40,6,10,2,0,22,67.65,0,0
2019,6,6,SIDERURGIA,2,48.20,3.39,24,30,18,28,0,48.15,0,0
2019,5,1,MECCANICA,2,7.59,3.39,14,19,10,5,2,50.68,0,0
2019,9,5,CARTARIA,2,6.40,3.39,21,26,16,25,0,52.11,0,0
2019,8,7,ALTRI,2,1.68,3.39,26,31,20,31,0,46.75,0,0
2019,5,17,MECCANICA,2,7.53,3.37,14,19,10,5,2,50.68,0,0
2019,3,15,ALIMENTARE,2,5.38,3.37,12,18,7,8,5,52.83,0,0
2019,5,2,ALIMENTARE,2,5.37,3.37,14,19,10,5,2,50.68,0,0
2019,9,6,SIDERURGIA,2,47.73,3.36,21,26,16,25,0,52.11,0,0
2019,11,21,CARTARIA,2,6.35,3.36,12,16,9,1,4,53.74,0,0
2019,9,7,CHIMICA,2,6.19,3.36,21,26,16,25,0,52.11,0,0
2019,2,8,MEZZI DI TRASPORTO,3,3.53,3.36,9,14,4,0,15,59.41,0,0
2019,6,17,MECCANICA,2,7.50,3.35,24,30,18,28,0,48.15,0,0
2019,7,10,CARTARIA,3,11.61,3.35,26,32,19,31,0,51.95,0,0
2019,12,15,ALTRI,2,1.65,3.34,9,13,5,0,14,48.58,0,0
2019,9,16,ALIMENTARE,2,5.33,3.34,21,26,16,25,0,52.11,0,0
2019,11,15,ALIMENTARE,2,5.31,3.33,12,16,9,1,4,53.74,0,0
2019,8,17,METALLI NON FERROSI,3,1.52,3.33,26,31,20,31,0,46.75,0,0
2019,12,2,MEZZI DI TRASPORTO,3,3.50,3.33,9,13,5,0,14,48.58,0,0
2019,12,15,ALIMENTARE,2,5.29,3.32,9,13,5,0,14,48.58,0,0
2019,9,1,CARTARIA,3,11.51,3.32,21,26,16,25,0,52.11,0,0
2019,10,15,ALIMENTARE,2,5.30,3.32,17,22,13,18,0,52.38,0,0
2019,6,1,MECCANICA,2,7.39,3.31,24,30,18,28,0,48.15,0,0
2019,10,2,ALTRI,3,1.11,3.30,17,22,13,18,0,52.38,0,0
2019,4,6,SIDERURGIA,2,46.99,3.30,15,20,10,12,1,52.24,0,0
2019,12,17,METALLI NON FERROSI,3,1.51,3.30,9,13,5,0,14,48.58,0,0
2019,11,14,SIDERURGIA,3,0.27,3.30,12,16,9,1,4,53.74,0,0
2019,2,17,MECCANICA,2,7.37,3.29,9,14,4,0,15,59.41,0,0
2019,9,1,MECCANICA,2,7.31,3.27,21,26,16,25,0,52.11,0,0
2019,12,6,ALIMENTARE,3,22.35,3.25,9,13,5,0,14,48.58,0,0
2019,2,13,CARTARIA,3,11.26,3.25,9,14,4,0,15,59.41,0,0
2019,12,17,MEZZI DI TRASPORTO,3,3.40,3.24,9,13,5,0,14,48.58,0,0
2019,8,21,CARTARIA,2,6.12,3.24,26,31,20,31,0,46.75,0,0
2019,10,2,MEZZI DI TRASPORTO,3,3.39,3.23,17,22,13,18,0,52.38,0,0
2019,12,8,METALLI NON FERROSI,3,1.48,3.23,9,13,5,0,14,48.58,0,0
2019,11,2,ALTRI,3,1.09,3.23,12,16,9,1,4,53.74,0,0
2019,10,5,CHIMICA,2,5.92,3.22,17,22,13,18,0,52.38,0,0
2019,9,15,ALIMENTARE,2,5.14,3.22,21,26,16,25,0,52.11,0,0
2019,10,6,METALLI NON FERROSI,2,4.51,3.22,17,22,13,18,0,52.38,0,0
2019,3,5,CHIMICA,2,5.92,3.22,12,18,7,8,5,52.83,0,0
2019,6,15,ALIMENTARE,2,5.13,3.22,24,30,18,28,0,48.15,0,0
2019,5,16,ALTRI,3,1.08,3.21,14,19,10,5,2,50.68,0,0
2019,6,6,MEZZI DI TRASPORTO,3,3.36,3.20,24,30,18,28,0,48.15,0,0
2019,12,21,MECCANICA,2,7.15,3.20,9,13,5,0,14,48.58,0,0
2019,9,5,CHIMICA,2,5.87,3.19,21,26,16,25,0,52.11,0,0
2019,10,16,ALIMENTARE,2,5.07,3.18,17,22,13,18,0,52.38,0,0
2019,12,2,ALTRI,3,1.07,3.18,9,13,5,0,14,48.58,0,0
2019,11,6,METALLI NON FERROSI,2,4.44,3.17,12,16,9,1,4,53.74,0,0
2019,8,15,ALIMENTARE,2,5.05,3.17,26,31,20,31,0,46.75,0,0
2019,8,8,METALLI NON FERROSI,3,1.45,3.16,26,31,20,31,0,46.75,0,0
2019,1,21,ALTRI,3,1.06,3.16,6,10,2,0,22,67.65,0,0
2019,1,10,ALIMENTARE,3,21.66,3.15,6,10,2,0,22,67.65,0,0
2019,12,15,MECCANICA,3,1.64,3.15,9,13,5,0,14,48.58,0,0
2019,11,7,MECCANICA,3,1.64,3.14,12,16,9,1,4,53.74,0,0
2019,10,7,MECCANICA,3,1.63,3.13,17,22,13,18,0,52.38,0,0
2019,9,7,MECCANICA,3,1.62,3.11,21,26,16,25,0,52.11,0,0
2019,2,7,ALIMENTARE,2,4.95,3.10,9,14,4,0,15,59.41,0,0
2019,8,10,CARTARIA,3,10.71,3.09,26,31,20,31,0,46.75,0,0
2019,7,7,MECCANICA,3,1.61,3.09,26,32,19,31,0,51.95,0,0
2019,7,13,ALIMENTARE,3,21.25,3.09,26,32,19,31,0,51.95,0,0
2019,3,2,ALIMENTARE,2,4.91,3.08,12,18,7,8,5,52.83,0,0
2019,2,1,MECCANICA,2,6.88,3.08,9,14,4,0,15,59.41,0,0
2019,12,16,ALIMENTARE,2,4.89,3.07,9,13,5,0,14,48.58,0,0
2019,7,2,MEZZI DI TRASPORTO,3,3.23,3.07,26,32,19,31,0,51.95,0,0
2019,3,7,MECCANICA,3,1.60,3.06,12,18,7,8,5,52.83,0,0
2019,2,7,MECCANICA,3,1.60,3.06,9,14,4,0,15,59.41,0,0
2019,1,1,MECCANICA,2,6.84,3.06,6,10,2,0,22,67.65,0,0
2019,1,18,MEZZI DI TRASPORTO,3,3.21,3.06,6,10,2,0,22,67.65,0,0
2019,4,16,METALLI NON FERROSI,3,1.40,3.06,15,20,10,12,1,52.24,0,0
2019,4,17,MECCANICA,2,6.84,3.06,15,20,10,12,1,52.24,0,0
2019,4,17,CARTARIA,3,10.57,3.05,15,20,10,12,1,52.24,0,0
2019,3,1,MECCANICA,2,6.81,3.05,12,18,7,8,5,52.83,0,0
2019,8,7,ALIMENTARE,2,4.88,3.05,26,31,20,31,0,46.75,0,0
2019,4,15,ALIMENTARE,2,4.85,3.04,15,20,10,12,1,52.24,0,0
2019,3,7,ALIMENTARE,2,4.85,3.04,12,18,7,8,5,52.83,0,0
2019,5,7,MECCANICA,3,1.59,3.04,14,19,10,5,2,50.68,0,0
2019,8,15,CEMENTO CALCE E GESSO,3,2.08,3.03,26,31,20,31,0,46.75,0,0
2019,11,10,ALIMENTARE,3,20.77,3.02,12,16,9,1,4,53.74,0,0
2019,5,5,CHIMICA,2,5.56,3.02,14,19,10,5,2,50.68,0,0
2019,1,10,CARTARIA,3,10.43,3.01,6,10,2,0,22,67.65,0,0
2019,10,18,MEZZI DI TRASPORTO,3,3.15,3.00,17,22,13,18,0,52.38,0,0
2019,6,5,CHIMICA,2,5.52,3.00,24,30,18,28,0,48.15,0,0
2019,8,12,CEMENTO CALCE E GESSO,3,2.05,2.99,26,31,20,31,0,46.75,0,0
2019,12,11,METALLI NON FERROSI,3,1.36,2.98,9,13,5,0,14,48.58,0,0
2019,1,2,ALIMENTARE,2,4.74,2.97,6,10,2,0,22,67.65,0,0
2019,10,2,ALIMENTARE,2,4.74,2.97,17,22,13,18,0,52.38,0,0
2019,4,6,ALIMENTARE,3,20.42,2.97,15,20,10,12,1,52.24,0,0
2019,8,2,ALIMENTARE,2,4.73,2.96,26,31,20,31,0,46.75,0,0
2019,7,13,MECCANICA,2,6.62,2.96,26,32,19,31,0,51.95,0,0
2019,6,7,MECCANICA,3,1.55,2.96,24,30,18,28,0,48.15,0,0
2019,3,10,ALIMENTARE,3,20.28,2.95,12,18,7,8,5,52.83,0,0
2019,3,16,ALIMENTARE,2,4.65,2.91,12,18,7,8,5,52.83,0,0
2019,9,10,CARTARIA,3,10.08,2.91,21,26,16,25,0,52.11,0,0
2019,11,16,ALIMENTARE,2,4.63,2.90,12,16,9,1,4,53.74,0,0
2019,11,10,CARTARIA,3,10.05,2.90,12,16,9,1,4,53.74,0,0
2019,12,11,METALLI NON FERROSI,2,4.06,2.90,9,13,5,0,14,48.58,0,0
2019,7,7,CARTARIA,3,10.05,2.90,26,32,19,31,0,51.95,0,0
2019,12,10,MEZZI DI TRASPORTO,2,78.26,2.88,9,13,5,0,14,48.58,0,0
2019,8,17,MEZZI DI TRASPORTO,3,3.03,2.88,26,31,20,31,0,46.75,0,0
2019,5,6,ALIMENTARE,3,19.80,2.88,14,19,10,5,2,50.68,0,0
2019,2,15,ALIMENTARE,2,4.58,2.87,9,14,4,0,15,59.41,0,0
2019,3,5,ALTRI,2,1.41,2.86,12,18,7,8,5,52.83,0,0
2019,7,5,ALTRI,2,1.41,2.86,26,32,19,31,0,51.95,0,0
2019,6,2,ALIMENTARE,2,4.55,2.85,24,30,18,28,0,48.15,0,0
2019,3,13,CARTARIA,2,5.40,2.85,12,18,7,8,5,52.83,0,0
2019,3,17,ALIMENTARE,2,4.53,2.84,12,18,7,8,5,52.83,0,0
2019,1,17,ALIMENTARE,2,4.53,2.84,6,10,2,0,22,67.65,0,0
2019,12,17,MECCANICA,2,6.32,2.83,9,13,5,0,14,48.58,0,0
2019,4,2,ALIMENTARE,2,4.51,2.83,15,20,10,12,1,52.24,0,0
2019,10,5,ALTRI,2,1.40,2.83,17,22,13,18,0,52.38,0,0
2019,5,17,ALIMENTARE,2,4.50,2.82,14,19,10,5,2,50.68,0,0
2019,2,16,ALIMENTARE,2,4.50,2.82,9,14,4,0,15,59.41,0,0
2019,12,13,CARTARIA,2,5.31,2.81,9,13,5,0,14,48.58,0,0
2019,9,2,ALIMENTARE,2,4.48,2.81,21,26,16,25,0,52.11,0,0
2019,5,21,ALIMENTARE,3,19.25,2.80,14,19,10,5,2,50.68,0,0
2019,7,17,ALIMENTARE,2,4.45,2.79,26,32,19,31,0,51.95,0,0
2019,11,5,ALTRI,2,1.38,2.79,12,16,9,1,4,53.74,0,0
2019,12,14,CERAMICHE E VETRARIE,3,3.84,2.79,9,13,5,0,14,48.58,0,0
2019,12,6,METALLI NON FERROSI,2,3.90,2.78,9,13,5,0,14,48.58,0,0
2019,12,8,MEZZI DI TRASPORTO,3,2.92,2.78,9,13,5,0,14,48.58,0,0
2019,2,10,ALIMENTARE,3,19.05,2.77,9,14,4,0,15,59.41,0,0
2019,5,10,CARTARIA,3,9.60,2.77,14,19,10,5,2,50.68,0,0
2019,11,2,MEZZI DI TRASPORTO,3,2.90,2.76,12,16,9,1,4,53.74,0,0
2019,9,2,ALTRI,3,0.93,2.76,21,26,16,25,0,52.11,0,0
2019,10,10,CARTARIA,3,9.56,2.76,17,22,13,18,0,52.38,0,0
2019,6,13,MECCANICA,2,6.15,2.75,24,30,18,28,0,48.15,0,0
2019,1,2,MEZZI DI TRASPORTO,3,2.89,2.75,6,10,2,0,22,67.65,0,0
2019,12,6,SIDERURGIA,2,39.15,2.75,9,13,5,0,14,48.58,0,0
2019,5,5,ALTRI,2,1.35,2.74,14,19,10,5,2,50.68,0,0
2019,4,18,MEZZI DI TRASPORTO,3,2.88,2.74,15,20,10,12,1,52.24,0,0
2019,6,5,ALTRI,2,1.35,2.73,24,30,18,28,0,48.15,0,0
2019,12,5,MECCANICA,2,6.11,2.73,9,13,5,0,14,48.58,0,0
2019,12,7,ALIMENTARE,2,4.32,2.71,9,13,5,0,14,48.58,0,0
2019,12,7,MECCANICA,3,1.41,2.70,9,13,5,0,14,48.58,0,0
2019,11,2,ALIMENTARE,2,4.31,2.70,12,16,9,1,4,53.74,0,0
2019,4,10,CARTARIA,3,9.36,2.70,15,20,10,12,1,52.24,0,0
2019,5,13,MECCANICA,2,6.01,2.69,14,19,10,5,2,50.68,0,0
2019,2,5,ALTRI,2,1.33,2.69,9,14,4,0,15,59.41,0,0
2019,8,7,CARTARIA,3,9.29,2.68,26,31,20,31,0,46.75,0,0
2019,8,17,MECCANICA,2,5.98,2.67,26,31,20,31,0,46.75,0,0
2019,1,5,CHIMICA,2,4.87,2.65,6,10,2,0,22,67.65,0,0
2019,1,8,MEZZI DI TRASPORTO,3,2.78,2.65,6,10,2,0,22,67.65,0,0
2019,2,10,CARTARIA,3,9.15,2.64,9,14,4,0,15,59.41,0,0
2019,12,7,MECCANICA,2,5.90,2.64,9,13,5,0,14,48.58,0,0
2019,2,2,ALIMENTARE,2,4.21,2.64,9,14,4,0,15,59.41,0,0
2019,8,15,ALTRI,2,1.30,2.64,26,31,20,31,0,46.75,0,0
2019,8,7,MECCANICA,3,1.38,2.64,26,31,20,31,0,46.75,0,0
2019,3,21,ALIMENTARE,3,18.15,2.64,12,18,7,8,5,52.83,0,0
2019,6,17,ALIMENTARE,2,4.20,2.63,24,30,18,28,0,48.15,0,0
2019,4,5,CHIMICA,2,4.81,2.62,15,20,10,12,1,52.24,0,0
2019,4,1,MECCANICA,2,5.85,2.61,15,20,10,12,1,52.24,0,0
2019,10,17,ALIMENTARE,2,4.17,2.61,17,22,13,18,0,52.38,0,0
2019,3,1,CARTARIA,2,4.93,2.61,12,18,7,8,5,52.83,0,0
2019,2,17,ALIMENTARE,2,4.17,2.61,9,14,4,0,15,59.41,0,0
2019,3,13,MECCANICA,2,5.83,2.60,12,18,7,8,5,52.83,0,0
2019,11,14,CERAMICHE E VETRARIE,3,3.58,2.60,12,16,9,1,4,53.74,0,0
2019,5,8,MEZZI DI TRASPORTO,3,2.73,2.60,14,19,10,5,2,50.68,0,0
2019,4,7,MECCANICA,3,1.36,2.60,15,20,10,12,1,52.24,0,0
2019,4,16,ALIMENTARE,2,4.15,2.60,15,20,10,12,1,52.24,0,0
2019,5,1,CARTARIA,2,4.87,2.57,14,19,10,5,2,50.68,0,0
2019,1,8,CARTARIA,3,8.87,2.56,6,10,2,0,22,67.65,0,0
2019,1,1,CARTARIA,2,4.84,2.56,6,10,2,0,22,67.65,0,0
2019,7,7,MECCANICA,2,5.71,2.55,26,32,19,31,0,51.95,0,0
2019,12,21,ALTRI,3,0.86,2.55,9,13,5,0,14,48.58,0,0
2019,8,5,CARTARIA,2,4.82,2.55,26,31,20,31,0,46.75,0,0
2019,9,1,CHIMICA,2,4.67,2.54,21,26,16,25,0,52.11,0,0
2019,8,2,ALTRI,3,0.85,2.54,26,31,20,31,0,46.75,0,0
2019,1,17,CARTARIA,3,8.80,2.54,6,10,2,0,22,67.65,0,0
2019,12,10,ALIMENTARE,3,17.40,2.53,9,13,5,0,14,48.58,0,0
2019,12,10,CARTARIA,3,8.77,2.53,9,13,5,0,14,48.58,0,0
2019,11,5,CHIMICA,2,4.65,2.53,12,16,9,1,4,53.74,0,0
2019,11,5,MECCANICA,2,5.61,2.51,12,16,9,1,4,53.74,0,0
2019,12,5,CARTARIA,2,4.72,2.50,9,13,5,0,14,48.58,0,0
2019,4,17,ALIMENTARE,2,4.00,2.50,15,20,10,12,1,52.24,0,0
2019,3,18,MECCANICA,2,5.56,2.49,12,18,7,8,5,52.83,0,0
2019,9,18,MEZZI DI TRASPORTO,3,2.60,2.47,21,26,16,25,0,52.11,0,0
2019,4,5,ALTRI,2,1.22,2.47,15,20,10,12,1,52.24,0,0
2019,11,8,MEZZI DI TRASPORTO,3,2.58,2.46,12,16,9,1,4,53.74,0,0
2019,2,5,CHIMICA,2,4.49,2.44,9,14,4,0,15,59.41,0,0
2019,5,7,MECCANICA,2,5.46,2.44,14,19,10,5,2,50.68,0,0
2019,2,18,MEZZI DI TRASPORTO,3,2.55,2.43,9,14,4,0,15,59.41,0,0
2019,7,5,CEMENTO CALCE E GESSO,3,1.67,2.43,26,32,19,31,0,51.95,0,0
2019,6,1,CARTARIA,2,4.58,2.42,24,30,18,28,0,48.15,0,0
2019,9,17,ALIMENTARE,2,3.87,2.42,21,26,16,25,0,52.11,0,0
2019,10,1,CARTARIA,2,4.56,2.41,17,22,13,18,0,52.38,0,0
2019,8,8,CARTARIA,3,8.35,2.41,26,31,20,31,0,46.75,0,0
2019,3,7,CARTARIA,3,8.32,2.40,12,18,7,8,5,52.83,0,0
2019,11,17,ALIMENTARE,2,3.83,2.40,12,16,9,1,4,53.74,0,0
2019,7,19,MECCANICA,2,5.36,2.40,26,32,19,31,0,51.95,0,0
2019,1,12,ALIMENTARE,2,3.84,2.40,6,10,2,0,22,67.65,0,0
2019,2,13,MECCANICA,2,5.37,2.40,9,14,4,0,15,59.41,0,0
2019,7,13,CARTARIA,2,4.54,2.40,26,32,19,31,0,51.95,0,0
2019,9,7,MECCANICA,2,5.34,2.39,21,26,16,25,0,52.11,0,0
2019,11,6,ALIMENTARE,3,16.43,2.39,12,16,9,1,4,53.74,0,0
2019,10,7,MECCANICA,2,5.32,2.38,17,22,13,18,0,52.38,0,0
2019,9,7,CARTARIA,3,8.25,2.38,21,26,16,25,0,52.11,0,0
2019,3,10,CARTARIA,3,8.25,2.38,12,18,7,8,5,52.83,0,0
2019,12,1,MECCANICA,2,5.32,2.38,9,13,5,0,14,48.58,0,0
2019,7,18,MEZZI DI TRASPORTO,3,2.49,2.37,26,32,19,31,0,51.95,0,0
2019,1,13,MECCANICA,2,5.30,2.37,6,10,2,0,22,67.65,0,0
2019,10,7,CARTARIA,3,8.21,2.37,17,22,13,18,0,52.38,0,0
2019,2,1,CARTARIA,2,4.48,2.37,9,14,4,0,15,59.41,0,0
2019,8,15,MECCANICA,3,1.24,2.37,26,31,20,31,0,46.75,0,0
2019,8,17,ALIMENTARE,2,3.76,2.36,26,31,20,31,0,46.75,0,0
2019,10,13,MECCANICA,2,5.27,2.36,17,22,13,18,0,52.38,0,0
2019,4,14,SIDERURGIA,3,0.19,2.36,15,20,10,12,1,52.24,0,0
2019,5,1,CHIMICA,2,4.31,2.35,14,19,10,5,2,50.68,0,0
2019,12,17,ALIMENTARE,2,3.74,2.34,9,13,5,0,14,48.58,0,0
2019,10,20,ALTRI,3,0.79,2.34,17,22,13,18,0,52.38,0,0
2019,9,13,MECCANICA,2,5.22,2.33,21,26,16,25,0,52.11,0,0
2019,3,8,MEZZI DI TRASPORTO,3,2.45,2.33,12,18,7,8,5,52.83,0,0
2019,1,5,CEMENTO CALCE E GESSO,3,1.60,2.33,6,10,2,0,22,67.65,0,0
2019,1,2,ALTRI,3,0.78,2.32,6,10,2,0,22,67.65,0,0
2019,1,8,MECCANICA,3,1.21,2.32,6,10,2,0,22,67.65,0,0
2019,7,1,CARTARIA,2,4.36,2.31,26,32,19,31,0,51.95,0,0
2019,11,13,CARTARIA,2,4.34,2.30,12,16,9,1,4,53.74,0,0
2019,4,1,CARTARIA,2,4.35,2.30,15,20,10,12,1,52.24,0,0
2019,4,7,ALIMENTARE,2,3.66,2.29,15,20,10,12,1,52.24,0,0
2019,10,21,SIDERURGIA,2,32.45,2.28,17,22,13,18,0,52.38,0,0
2019,2,18,MECCANICA,2,5.10,2.28,9,14,4,0,15,59.41,0,0
2019,12,2,ALIMENTARE,2,3.62,2.27,9,13,5,0,14,48.58,0,0
2019,5,18,MECCANICA,2,5.08,2.27,14,19,10,5,2,50.68,0,0
2019,2,21,ALIMENTARE,3,15.54,2.26,9,14,4,0,15,59.41,0,0
2019,7,21,SIDERURGIA,2,32.14,2.26,26,32,19,31,0,51.95,0,0
2019,11,18,MECCANICA,2,5.04,2.25,12,16,9,1,4,53.74,0,0
2019,7,18,MECCANICA,2,5.03,2.25,26,32,19,31,0,51.95,0,0
2019,4,13,MECCANICA,2,5.01,2.24,15,20,10,12,1,52.24,0,0
2019,11,16,METALLI NON FERROSI,3,1.02,2.24,12,16,9,1,4,53.74,0,0
2019,1,6,ALIMENTARE,3,15.40,2.24,6,10,2,0,22,67.65,0,0
2019,11,1,CARTARIA,2,4.22,2.23,12,16,9,1,4,53.74,0,0
2019,6,7,CARTARIA,3,7.73,2.23,24,30,18,28,0,48.15,0,0
2019,3,5,CEMENTO CALCE E GESSO,3,1.53,2.23,12,18,7,8,5,52.83,0,0
2019,9,5,ALTRI,2,1.09,2.21,21,26,16,25,0,52.11,0,0
2019,11,13,MECCANICA,2,4.94,2.21,12,16,9,1,4,53.74,0,0
2019,7,6,ALIMENTARE,2,3.51,2.20,26,32,19,31,0,51.95,0,0
2019,3,7,MECCANICA,2,4.90,2.19,12,18,7,8,5,52.83,0,0
2019,6,7,MECCANICA,2,4.91,2.19,24,30,18,28,0,48.15,0,0
2019,3,17,METALLI NON FERROSI,2,3.05,2.18,12,18,7,8,5,52.83,0,0
2019,4,18,MECCANICA,2,4.85,2.17,15,20,10,12,1,52.24,0,0
2019,7,17,METALLI NON FERROSI,2,3.02,2.16,26,32,19,31,0,51.95,0,0
2019,8,10,MEZZI DI TRASPORTO,2,58.59,2.16,26,31,20,31,0,46.75,0,0
2019,3,2,MEZZI DI TRASPORTO,3,2.26,2.15,12,18,7,8,5,52.83,0,0
2019,12,8,CARTARIA,3,7.45,2.15,9,13,5,0,14,48.58,0,0
2019,6,21,SIDERURGIA,2,30.45,2.14,24,30,18,28,0,48.15,0,0
2019,5,17,METALLI NON FERROSI,2,3.00,2.14,14,19,10,5,2,50.68,0,0
2019,3,6,ALIMENTARE,3,14.65,2.13,12,18,7,8,5,52.83,0,0
2019,5,5,CEMENTO CALCE E GESSO,3,1.46,2.13,14,19,10,5,2,50.68,0,0
2019,8,13,SIDERURGIA,3,0.17,2.13,26,31,20,31,0,46.75,0,0
2019,8,13,CARTARIA,2,4.02,2.13,26,31,20,31,0,46.75,0,0
2019,4,7,MECCANICA,2,4.77,2.13,15,20,10,12,1,52.24,0,0
2019,8,13,ALIMENTARE,3,14.65,2.13,26,31,20,31,0,46.75,0,0
2019,4,21,ALIMENTARE,3,14.65,2.13,15,20,10,12,1,52.24,0,0
2019,5,21,SIDERURGIA,2,30.32,2.13,14,19,10,5,2,50.68,0,0
2019,4,8,MEZZI DI TRASPORTO,3,2.23,2.12,15,20,10,12,1,52.24,0,0
2019,6,19,MECCANICA,2,4.73,2.12,24,30,18,28,0,48.15,0,0
2019,6,18,MEZZI DI TRASPORTO,3,2.23,2.12,24,30,18,28,0,48.15,0,0
2019,10,6,ALIMENTARE,2,3.38,2.12,17,22,13,18,0,52.38,0,0
2019,6,18,MECCANICA,2,4.72,2.11,24,30,18,28,0,48.15,0,0
2019,9,2,MEZZI DI TRASPORTO,3,2.22,2.11,21,26,16,25,0,52.11,0,0
2019,9,14,SIDERURGIA,3,0.17,2.10,21,26,16,25,0,52.11,0,0
2019,11,7,MECCANICA,2,4.69,2.10,12,16,9,1,4,53.74,0,0
2019,9,1,CARTARIA,2,3.98,2.10,21,26,16,25,0,52.11,0,0
2019,11,5,CEMENTO CALCE E GESSO,3,1.43,2.09,12,16,9,1,4,53.74,0,0
2019,2,17,METALLI NON FERROSI,2,2.91,2.08,9,14,4,0,15,59.41,0,0
2019,5,6,ALIMENTARE,2,3.32,2.08,14,19,10,5,2,50.68,0,0
2019,10,18,ALTRI,2,1.03,2.08,17,22,13,18,0,52.38,0,0
2019,10,18,MECCANICA,2,4.60,2.06,17,22,13,18,0,52.38,0,0
2019,1,13,CARTARIA,3,7.14,2.06,6,10,2,0,22,67.65,0,0
2019,1,6,ALIMENTARE,2,3.27,2.05,6,10,2,0,22,67.65,0,0
2019,1,18,MECCANICA,2,4.58,2.05,6,10,2,0,22,67.65,0,0
2019,10,9,METALLI NON FERROSI,2,2.88,2.05,17,22,13,18,0,52.38,0,0
2019,9,21,SIDERURGIA,2,29.08,2.04,21,26,16,25,0,52.11,0,0
2019,9,6,ALIMENTARE,2,3.25,2.04,21,26,16,25,0,52.11,0,0
2019,7,9,METALLI NON FERROSI,2,2.86,2.04,26,32,19,31,0,51.95,0,0
2019,12,18,MEZZI DI TRASPORTO,3,2.14,2.04,9,13,5,0,14,48.58,0,0
2019,10,11,ALTRI,2,1.01,2.04,17,22,13,18,0,52.38,0,0
2019,8,21,MECCANICA,2,4.51,2.02,26,31,20,31,0,46.75,0,0
2019,10,7,CERAMICHE E VETRARIE,3,2.78,2.02,17,22,13,18,0,52.38,0,0
2019,4,7,CARTARIA,3,7.00,2.02,15,20,10,12,1,52.24,0,0
2019,9,18,MECCANICA,2,4.49,2.01,21,26,16,25,0,52.11,0,0
2019,10,14,SIDERURGIA,3,0.16,2.01,17,22,13,18,0,52.38,0,0
2019,6,6,ALIMENTARE,2,3.20,2.01,24,30,18,28,0,48.15,0,0
2019,11,6,ALIMENTARE,2,3.19,2.00,12,16,9,1,4,53.74,0,0
2019,3,6,ALIMENTARE,2,3.19,2.00,12,18,7,8,5,52.83,0,0
2019,5,13,METALLI NON FERROSI,2,2.80,2.00,14,19,10,5,2,50.68,0,0
2019,10,5,CEMENTO CALCE E GESSO,3,1.36,1.98,17,22,13,18,0,52.38,0,0
2019,9,19,MECCANICA,2,4.42,1.98,21,26,16,25,0,52.11,0,0
2019,5,18,ALTRI,2,0.98,1.97,14,19,10,5,2,50.68,0,0
2019,7,1,CHIMICA,2,3.62,1.97,26,32,19,31,0,51.95,0,0
2019,1,21,ALIMENTARE,3,13.55,1.97,6,10,2,0,22,67.65,0,0
2019,8,21,CHIMICA,2,3.61,1.96,26,31,20,31,0,46.75,0,0
2019,6,8,CARTARIA,3,6.76,1.95,24,30,18,28,0,48.15,0,0
2019,12,6,ALIMENTARE,2,3.12,1.95,9,13,5,0,14,48.58,0,0
2019,2,8,MECCANICA,3,1.02,1.95,9,14,4,0,15,59.41,0,0
2019,3,1,CHIMICA,2,3.56,1.94,12,18,7,8,5,52.83,0,0
2019,4,8,CARTARIA,3,6.72,1.94,15,20,10,12,1,52.24,0,0
2019,1,7,MECCANICA,2,4.32,1.93,6,10,2,0,22,67.65,0,0
2019,6,1,CHIMICA,2,3.55,1.93,24,30,18,28,0,48.15,0,0
2019,7,2,ALTRI,3,0.65,1.93,26,32,19,31,0,51.95,0,0
2019,7,8,CARTARIA,3,6.65,1.92,26,32,19,31,0,51.95,0,0
2019,3,21,SIDERURGIA,2,27.23,1.92,12,18,7,8,5,52.83,0,0
2019,10,13,CARTARIA,2,3.64,1.92,17,22,13,18,0,52.38,0,0
2019,5,9,METALLI NON FERROSI,2,2.69,1.92,14,19,10,5,2,50.68,0,0
2019,10,19,MECCANICA,2,4.27,1.91,17,22,13,18,0,52.38,0,0
2019,11,21,SIDERURGIA,2,27.22,1.91,12,16,9,1,4,53.74,0,0
2019,7,7,CERAMICHE E VETRARIE,3,2.62,1.90,26,32,19,31,0,51.95,0,0
2019,1,17,METALLI NON FERROSI,2,2.66,1.90,6,10,2,0,22,67.65,0,0
2019,9,18,ALTRI,2,0.94,1.90,21,26,16,25,0,52.11,0,0
2019,11,18,ALTRI,2,0.93,1.89,12,16,9,1,4,53.74,0,0
2019,5,14,MECCANICA,3,0.99,1.89,14,19,10,5,2,50.68,0,0
2019,8,6,ALIMENTARE,2,3.01,1.89,26,31,20,31,0,46.75,0,0
2019,9,9,METALLI NON FERROSI,2,2.65,1.89,21,26,16,25,0,52.11,0,0
2019,7,13,METALLI NON FERROSI,2,2.64,1.88,26,32,19,31,0,51.95,0,0
2019,8,1,CARTARIA,2,3.55,1.88,26,31,20,31,0,46.75,0,0
2019,4,2,MEZZI DI TRASPORTO,3,1.98,1.88,15,20,10,12,1,52.24,0,0
2019,7,8,MECCANICA,3,0.98,1.87,26,32,19,31,0,51.95,0,0
2019,4,7,CERAMICHE E VETRARIE,3,2.58,1.87,15,20,10,12,1,52.24,0,0
2019,4,6,ALIMENTARE,2,2.97,1.86,15,20,10,12,1,52.24,0,0
2019,2,7,MECCANICA,2,4.15,1.86,9,14,4,0,15,59.41,0,0
2019,2,6,ALIMENTARE,3,12.72,1.85,9,14,4,0,15,59.41,0,0
2019,11,9,METALLI NON FERROSI,2,2.60,1.85,12,16,9,1,4,53.74,0,0
2019,6,5,CEMENTO CALCE E GESSO,3,1.27,1.85,24,30,18,28,0,48.15,0,0
2019,5,8,MECCANICA,3,0.97,1.85,14,19,10,5,2,50.68,0,0
2019,9,17,METALLI NON FERROSI,2,2.58,1.85,21,26,16,25,0,52.11,0,0
2019,5,19,MECCANICA,2,4.12,1.84,14,19,10,5,2,50.68,0,0
2019,1,7,CARTARIA,3,6.38,1.84,6,10,2,0,22,67.65,0,0
2019,2,14,MECCANICA,3,0.96,1.84,9,14,4,0,15,59.41,0,0
2019,12,12,ALIMENTARE,2,2.93,1.83,9,13,5,0,14,48.58,0,0
2019,10,14,MECCANICA,3,0.96,1.83,17,22,13,18,0,52.38,0,0
2019,4,1,CHIMICA,2,3.36,1.83,15,20,10,12,1,52.24,0,0
2019,3,19,MECCANICA,2,4.07,1.82,12,18,7,8,5,52.83,0,0
2019,10,17,METALLI NON FERROSI,2,2.54,1.81,17,22,13,18,0,52.38,0,0
2019,7,11,ALTRI,2,0.90,1.81,26,32,19,31,0,51.95,0,0
2019,7,14,MECCANICA,3,0.94,1.81,26,32,19,31,0,51.95,0,0
2019,3,7,CERAMICHE E VETRARIE,3,2.49,1.81,12,18,7,8,5,52.83,0,0
2019,3,8,CARTARIA,3,6.27,1.81,12,18,7,8,5,52.83,0,0
2019,11,13,METALLI NON FERROSI,2,2.52,1.80,12,16,9,1,4,53.74,0,0
2019,6,13,CARTARIA,2,3.39,1.79,24,30,18,28,0,48.15,0,0
2019,3,9,METALLI NON FERROSI,2,2.50,1.79,12,18,7,8,5,52.83,0,0
2019,9,11,ALTRI,2,0.88,1.78,21,26,16,25,0,52.11,0,0
2019,2,12,ALIMENTARE,2,2.83,1.77,9,14,4,0,15,59.41,0,0
2019,4,14,MECCANICA,3,0.92,1.77,15,20,10,12,1,52.24,0,0
2019,3,4,CHIMICA,2,3.23,1.76,12,18,7,8,5,52.83,0,0
2019,7,4,CHIMICA,2,3.24,1.76,26,32,19,31,0,51.95,0,0
2019,11,7,CERAMICHE E VETRARIE,3,2.41,1.75,12,16,9,1,4,53.74,0,0
2019,2,13,METALLI NON FERROSI,2,2.43,1.74,9,14,4,0,15,59.41,0,0
2019,7,12,ALIMENTARE,2,2.78,1.74,26,32,19,31,0,51.95,0,0
2019,5,11,ALTRI,2,0.86,1.74,14,19,10,5,2,50.68,0,0
2019,9,6,MEZZI DI TRASPORTO,3,1.83,1.74,21,26,16,25,0,52.11,0,0
2019,4,17,METALLI NON FERROSI,2,2.42,1.73,15,20,10,12,1,52.24,0,0
2019,10,21,ALIMENTARE,3,11.90,1.73,17,22,13,18,0,52.38,0,0
2019,6,9,METALLI NON FERROSI,2,2.42,1.73,24,30,18,28,0,48.15,0,0
2019,9,21,ALIMENTARE,3,11.83,1.72,21,26,16,25,0,52.11,0,0
2019,8,5,MECCANICA,2,3.84,1.72,26,31,20,31,0,46.75,0,0
2019,8,19,MECCANICA,2,3.86,1.72,26,31,20,31,0,46.75,0,0
2019,6,7,CERAMICHE E VETRARIE,3,2.37,1.72,24,30,18,28,0,48.15,0,0
2019,12,5,CHIMICA,2,3.16,1.72,9,13,5,0,14,48.58,0,0
2019,10,12,ALIMENTARE,2,2.75,1.72,17,22,13,18,0,52.38,0,0
2019,5,7,CERAMICHE E VETRARIE,3,2.37,1.72,14,19,10,5,2,50.68,0,0
2019,2,6,ALIMENTARE,2,2.73,1.71,9,14,4,0,15,59.41,0,0
2019,6,17,METALLI NON FERROSI,2,2.39,1.71,24,30,18,28,0,48.15,0,0
2019,12,5,ALTRI,2,0.84,1.71,9,13,5,0,14,48.58,0,0
2019,9,13,METALLI NON FERROSI,2,2.39,1.71,21,26,16,25,0,52.11,0,0
2019,3,13,METALLI NON FERROSI,2,2.40,1.71,12,18,7,8,5,52.83,0,0
2019,8,7,MECCANICA,2,3.83,1.71,26,31,20,31,0,46.75,0,0
2019,3,2,CARTARIA,2,3.22,1.70,12,18,7,8,5,52.83,0,0
2019,5,8,CARTARIA,3,5.89,1.70,14,19,10,5,2,50.68,0,0
2019,11,14,MECCANICA,3,0.89,1.70,12,16,9,1,4,53.74,0,0
2019,2,5,CEMENTO CALCE E GESSO,3,1.16,1.69,9,14,4,0,15,59.41,0,0
2019,2,2,ALTRI,3,0.57,1.69,9,14,4,0,15,59.41,0,0
2019,5,12,ALIMENTARE,2,2.70,1.69,14,19,10,5,2,50.68,0,0
2019,7,18,ALTRI,2,0.83,1.69,26,32,19,31,0,51.95,0,0
2019,5,13,CARTARIA,2,3.19,1.69,14,19,10,5,2,50.68,0,0
2019,3,8,MECCANICA,3,0.88,1.69,12,18,7,8,5,52.83,0,0
2019,9,7,CERAMICHE E VETRARIE,3,2.33,1.69,21,26,16,25,0,52.11,0,0
2019,8,12,ALIMENTARE,2,2.68,1.68,26,31,20,31,0,46.75,0,0
2019,3,19,METALLI NON FERROSI,2,2.35,1.68,12,18,7,8,5,52.83,0,0
2019,6,12,ALIMENTARE,2,2.68,1.68,24,30,18,28,0,48.15,0,0
2019,6,13,METALLI NON FERROSI,2,2.36,1.68,24,30,18,28,0,48.15,0,0
2019,10,13,METALLI NON FERROSI,2,2.35,1.68,17,22,13,18,0,52.38,0,0
2019,1,7,CERAMICHE E VETRARIE,3,2.31,1.68,6,10,2,0,22,67.65,0,0
2019,4,9,METALLI NON FERROSI,2,2.35,1.68,15,20,10,12,1,52.24,0,0
2019,2,19,MECCANICA,2,3.74,1.67,9,14,4,0,15,59.41,0,0
2019,2,7,CERAMICHE E VETRARIE,3,2.29,1.66,9,14,4,0,15,59.41,0,0
2019,10,14,CERAMICHE E VETRARIE,3,2.29,1.66,17,22,13,18,0,52.38,0,0
2019,10,5,MECCANICA,2,3.68,1.65,17,22,13,18,0,52.38,0,0
2019,1,19,MECCANICA,2,3.66,1.64,6,10,2,0,22,67.65,0,0
2019,1,4,CHIMICA,2,3.02,1.64,6,10,2,0,22,67.65,0,0
2019,11,19,MECCANICA,2,3.66,1.64,12,16,9,1,4,53.74,0,0
2019,11,2,CARTARIA,2,3.10,1.64,12,16,9,1,4,53.74,0,0
2019,12,5,CEMENTO CALCE E GESSO,3,1.12,1.64,9,13,5,0,14,48.58,0,0
2019,4,18,ALTRI,2,0.81,1.64,15,20,10,12,1,52.24,0,0
2019,7,15,ALTRI,3,0.55,1.63,26,32,19,31,0,51.95,0,0
2019,1,14,MECCANICA,3,0.85,1.63,6,10,2,0,22,67.65,0,0
2019,9,14,MECCANICA,3,0.85,1.63,21,26,16,25,0,52.11,0,0
2019,8,13,MECCANICA,2,3.63,1.62,26,31,20,31,0,46.75,0,0
2019,4,12,ALIMENTARE,2,2.58,1.62,15,20,10,12,1,52.24,0,0
2019,9,12,ALIMENTARE,2,2.58,1.62,21,26,16,25,0,52.11,0,0
2019,2,4,CHIMICA,2,2.96,1.61,9,14,4,0,15,59.41,0,0
2019,2,9,METALLI NON FERROSI,2,2.26,1.61,9,14,4,0,15,59.41,0,0
2019,4,2,CARTARIA,2,3.05,1.61,15,20,10,12,1,52.24,0,0
2019,11,7,CARTARIA,3,5.58,1.61,12,16,9,1,4,53.74,0,0
2019,4,13,METALLI NON FERROSI,2,2.24,1.60,15,20,10,12,1,52.24,0,0
2019,5,7,CARTARIA,3,5.54,1.60,14,19,10,5,2,50.68,0,0
2019,2,21,SIDERURGIA,2,22.72,1.60,9,14,4,0,15,59.41,0,0
2019,2,19,METALLI NON FERROSI,2,2.24,1.60,9,14,4,0,15,59.41,0,0
2019,2,2,CARTARIA,2,3.03,1.60,9,14,4,0,15,59.41,0,0
2019,9,5,CEMENTO CALCE E GESSO,3,1.10,1.60,21,26,16,25,0,52.11,0,0
2019,5,2,CARTARIA,2,3.02,1.60,14,19,10,5,2,50.68,0,0
2019,4,5,CEMENTO CALCE E GESSO,3,1.09,1.59,15,20,10,12,1,52.24,0,0
2019,1,9,METALLI NON FERROSI,2,2.23,1.59,6,10,2,0,22,67.65,0,0
2019,1,13,METALLI NON FERROSI,2,2.23,1.59,6,10,2,0,22,67.65,0,0
2019,6,14,MECCANICA,3,0.83,1.59,24,30,18,28,0,48.15,0,0
2019,6,4,CHIMICA,2,2.93,1.59,24,30,18,28,0,48.15,0,0
2019,6,18,ALTRI,2,0.79,1.59,24,30,18,28,0,48.15,0,0
2019,11,8,CARTARIA,3,5.48,1.58,12,16,9,1,4,53.74,0,0
2019,3,18,MEZZI DI TRASPORTO,3,1.66,1.58,12,18,7,8,5,52.83,0,0
2019,1,21,SIDERURGIA,2,22.29,1.57,6,10,2,0,22,67.65,0,0
2019,3,14,MECCANICA,3,0.81,1.56,12,18,7,8,5,52.83,0,0
2019,5,4,CHIMICA,2,2.88,1.56,14,19,10,5,2,50.68,0,0
2019,10,2,CARTARIA,2,2.95,1.56,17,22,13,18,0,52.38,0,0
2019,4,19,MECCANICA,2,3.48,1.56,15,20,10,12,1,52.24,0,0
2019,9,13,CARTARIA,2,2.96,1.56,21,26,16,25,0,52.11,0,0
2019,4,21,SIDERURGIA,2,22.07,1.55,15,20,10,12,1,52.24,0,0
2019,3,11,ALTRI,2,0.77,1.55,12,18,7,8,5,52.83,0,0
2019,6,2,ALTRI,3,0.52,1.54,24,30,18,28,0,48.15,0,0
2019,4,4,CHIMICA,2,2.81,1.53,15,20,10,12,1,52.24,0,0
2019,8,18,ALTRI,2,0.75,1.53,26,31,20,31,0,46.75,0,0
2019,3,12,ALIMENTARE,2,2.45,1.53,12,18,7,8,5,52.83,0,0
2019,6,2,MEZZI DI TRASPORTO,3,1.59,1.51,24,30,18,28,0,48.15,0,0
2019,12,6,MEZZI DI TRASPORTO,3,1.59,1.51,9,13,5,0,14,48.58,0,0
2019,1,6,MEZZI DI TRASPORTO,3,1.59,1.51,6,10,2,0,22,67.65,0,0
2019,4,13,CARTARIA,2,2.86,1.51,15,20,10,12,1,52.24,0,0
2019,5,19,METALLI NON FERROSI,2,2.12,1.51,14,19,10,5,2,50.68,0,0
2019,9,4,CHIMICA,2,2.77,1.50,21,26,16,25,0,52.11,0,0
2019,6,8,MECCANICA,3,0.78,1.50,24,30,18,28,0,48.15,0,0
2019,3,2,ALTRI,3,0.50,1.49,12,18,7,8,5,52.83,0,0
2019,8,2,CARTARIA,2,2.82,1.49,26,31,20,31,0,46.75,0,0
2019,8,5,CEMENTO CALCE E GESSO,3,1.02,1.49,26,31,20,31,0,46.75,0,0
2019,12,7,CERAMICHE E VETRARIE,3,2.04,1.48,9,13,5,0,14,48.58,0,0
2019,12,1,CARTARIA,2,2.80,1.48,9,13,5,0,14,48.58,0,0
2019,11,18,MEZZI DI TRASPORTO,3,1.54,1.47,12,16,9,1,4,53.74,0,0
2019,6,11,ALTRI,2,0.73,1.47,24,30,18,28,0,48.15,0,0
2019,8,11,METALLI NON FERROSI,3,0.67,1.46,26,31,20,31,0,46.75,0,0
2019,9,2,CARTARIA,2,2.75,1.46,21,26,16,25,0,52.11,0,0
2019,11,11,ALTRI,2,0.72,1.46,12,16,9,1,4,53.74,0,0
2019,2,11,ALTRI,2,0.72,1.46,9,14,4,0,15,59.41,0,0
2019,7,2,CARTARIA,2,2.75,1.45,26,32,19,31,0,51.95,0,0
2019,9,8,MECCANICA,3,0.76,1.45,21,26,16,25,0,52.11,0,0
2019,8,6,SIDERURGIA,2,20.67,1.45,26,31,20,31,0,46.75,0,0
2019,10,4,CHIMICA,2,2.66,1.45,17,22,13,18,0,52.38,0,0
2019,6,19,METALLI NON FERROSI,2,2.03,1.45,24,30,18,28,0,48.15,0,0
2019,6,2,CARTARIA,2,2.74,1.45,24,30,18,28,0,48.15,0,0
2019,8,1,CHIMICA,2,2.64,1.44,26,31,20,31,0,46.75,0,0
2019,5,15,ALTRI,3,0.48,1.44,14,19,10,5,2,50.68,0,0
2019,2,7,CARTARIA,3,4.96,1.43,9,14,4,0,15,59.41,0,0
2019,10,15,ALTRI,3,0.48,1.43,17,22,13,18,0,52.38,0,0
2019,8,15,ALTRI,3,0.48,1.43,26,31,20,31,0,46.75,0,0
2019,8,11,METALLI NON FERROSI,2,1.99,1.42,26,31,20,31,0,46.75,0,0
2019,6,15,ALTRI,3,0.48,1.42,24,30,18,28,0,48.15,0,0
2019,12,9,METALLI NON FERROSI,2,1.97,1.41,9,13,5,0,14,48.58,0,0
2019,9,8,CARTARIA,3,4.89,1.41,21,26,16,25,0,52.11,0,0
2019,11,1,CHIMICA,2,2.58,1.40,12,16,9,1,4,53.74,0,0
2019,1,2,CARTARIA,2,2.65,1.40,6,10,2,0,22,67.65,0,0
2019,11,12,ALIMENTARE,2,2.23,1.40,12,16,9,1,4,53.74,0,0
2019,3,15,ALTRI,3,0.47,1.40,12,18,7,8,5,52.83,0,0
2019,4,11,ALTRI,2,0.69,1.39,15,20,10,12,1,52.24,0,0
2019,4,2,ALTRI,3,0.46,1.38,15,20,10,12,1,52.24,0,0
2019,2,8,CARTARIA,3,4.71,1.36,9,14,4,0,15,59.41,0,0
2019,12,2,CARTARIA,2,2.55,1.35,9,13,5,0,14,48.58,0,0
2019,8,1,MECCANICA,2,3.03,1.35,26,31,20,31,0,46.75,0,0
2019,10,19,SIDERURGIA,2,19.10,1.34,17,22,13,18,0,52.38,0,0
2019,11,8,MECCANICA,3,0.70,1.34,12,16,9,1,4,53.74,0,0
2019,1,11,ALTRI,2,0.66,1.33,6,10,2,0,22,67.65,0,0
2019,2,6,MEZZI DI TRASPORTO,3,1.40,1.33,9,14,4,0,15,59.41,0,0
2019,8,5,ALTRI,2,0.65,1.32,26,31,20,31,0,46.75,0,0
2019,12,19,MECCANICA,2,2.92,1.31,9,13,5,0,14,48.58,0,0
2019,11,21,ALIMENTARE,3,9.01,1.31,12,16,9,1,4,53.74,0,0
2019,4,15,ALTRI,3,0.44,1.31,15,20,10,12,1,52.24,0,0
2019,5,2,ALTRI,3,0.44,1.30,14,19,10,5,2,50.68,0,0
2019,5,18,MEZZI DI TRASPORTO,3,1.37,1.30,14,19,10,5,2,50.68,0,0
2019,7,12,ALTRI,2,0.64,1.29,26,32,19,31,0,51.95,0,0
2019,3,19,SIDERURGIA,2,18.22,1.28,12,18,7,8,5,52.83,0,0
2019,12,13,ALIMENTARE,3,8.80,1.28,9,13,5,0,14,48.58,0,0
2019,11,19,SIDERURGIA,2,18.07,1.27,12,16,9,1,4,53.74,0,0
2019,6,16,ALTRI,3,0.43,1.27,24,30,18,28,0,48.15,0,0
2019,11,6,MEZZI DI TRASPORTO,3,1.32,1.26,12,16,9,1,4,53.74,0,0
2019,12,15,ALTRI,3,0.42,1.26,9,13,5,0,14,48.58,0,0
2019,3,6,MEZZI DI TRASPORTO,3,1.31,1.25,12,18,7,8,5,52.83,0,0
2019,11,15,ALTRI,3,0.42,1.25,12,16,9,1,4,53.74,0,0
2019,12,21,SIDERURGIA,2,17.59,1.24,9,13,5,0,14,48.58,0,0
2019,10,1,CHIMICA,2,2.27,1.24,17,22,13,18,0,52.38,0,0
2019,9,15,ALTRI,3,0.42,1.24,21,26,16,25,0,52.11,0,0
2019,7,19,SIDERURGIA,2,17.51,1.23,26,32,19,31,0,51.95,0,0
2019,6,4,CEMENTO CALCE E GESSO,3,0.84,1.23,24,30,18,28,0,48.15,0,0
2019,5,19,SIDERURGIA,2,17.33,1.22,14,19,10,5,2,50.68,0,0
2019,12,1,CHIMICA,2,2.24,1.22,9,13,5,0,14,48.58,0,0
2019,1,19,SIDERURGIA,2,17.32,1.22,6,10,2,0,22,67.65,0,0
2019,1,19,METALLI NON FERROSI,2,1.70,1.21,6,10,2,0,22,67.65,0,0
2019,9,19,SIDERURGIA,2,17.14,1.21,21,26,16,25,0,52.11,0,0
2019,4,8,MECCANICA,3,0.63,1.21,15,20,10,12,1,52.24,0,0
2019,5,12,ALTRI,2,0.59,1.20,14,19,10,5,2,50.68,0,0
2019,10,4,CEMENTO CALCE E GESSO,3,0.82,1.20,17,22,13,18,0,52.38,0,0
2019,3,10,SIDERURGIA,2,17.01,1.20,12,18,7,8,5,52.83,0,0
2019,1,15,ALTRI,3,0.40,1.20,6,10,2,0,22,67.65,0,0
2019,12,18,ALTRI,2,0.59,1.20,9,13,5,0,14,48.58,0,0
2019,5,2,MEZZI DI TRASPORTO,3,1.26,1.20,14,19,10,5,2,50.68,0,0
2019,2,1,CHIMICA,2,2.19,1.19,9,14,4,0,15,59.41,0,0
2019,10,8,CARTARIA,3,4.12,1.19,17,22,13,18,0,52.38,0,0
2019,9,5,MECCANICA,2,2.66,1.19,21,26,16,25,0,52.11,0,0
2019,7,4,CEMENTO CALCE E GESSO,3,0.81,1.18,26,32,19,31,0,51.95,0,0
2019,8,6,METALLI NON FERROSI,2,1.66,1.18,26,31,20,31,0,46.75,0,0
2019,6,5,MECCANICA,2,2.62,1.17,24,30,18,28,0,48.15,0,0
2019,12,21,ALIMENTARE,3,8.04,1.17,9,13,5,0,14,48.58,0,0
2019,12,13,MECCANICA,2,2.62,1.17,9,13,5,0,14,48.58,0,0
2019,2,10,SIDERURGIA,2,16.43,1.16,9,14,4,0,15,59.41,0,0
2019,12,14,MECCANICA,3,0.60,1.15,9,13,5,0,14,48.58,0,0
2019,9,12,ALTRI,2,0.57,1.15,21,26,16,25,0,52.11,0,0
2019,7,10,SIDERURGIA,2,16.33,1.15,26,32,19,31,0,51.95,0,0
2019,9,4,CEMENTO CALCE E GESSO,3,0.78,1.14,21,26,16,25,0,52.11,0,0
2019,2,19,SIDERURGIA,2,16.18,1.14,9,14,4,0,15,59.41,0,0
2019,7,5,MECCANICA,2,2.56,1.14,26,32,19,31,0,51.95,0,0
2019,6,12,ALTRI,2,0.56,1.13,24,30,18,28,0,48.15,0,0
2019,3,18,ALTRI,2,0.55,1.11,12,18,7,8,5,52.83,0,0
2019,10,12,ALTRI,2,0.55,1.11,17,22,13,18,0,52.38,0,0
2019,12,7,CARTARIA,3,3.85,1.11,9,13,5,0,14,48.58,0,0
2019,6,16,MEZZI DI TRASPORTO,3,1.17,1.11,24,30,18,28,0,48.15,0,0
2019,1,1,CHIMICA,2,2.03,1.10,6,10,2,0,22,67.65,0,0
2019,8,16,SIDERURGIA,3,0.09,1.10,26,31,20,31,0,46.75,0,0
2019,6,10,SIDERURGIA,2,15.65,1.10,24,30,18,28,0,48.15,0,0
2019,3,12,ALTRI,2,0.54,1.09,12,18,7,8,5,52.83,0,0
2019,1,5,SIDERURGIA,3,0.09,1.09,6,10,2,0,22,67.65,0,0
2019,5,6,MEZZI DI TRASPORTO,3,1.15,1.09,14,19,10,5,2,50.68,0,0
2019,4,19,METALLI NON FERROSI,2,1.53,1.09,15,20,10,12,1,52.24,0,0
2019,4,19,SIDERURGIA,2,15.39,1.08,15,20,10,12,1,52.24,0,0
2019,2,12,ALTRI,2,0.53,1.08,9,14,4,0,15,59.41,0,0
2019,5,14,CERAMICHE E VETRARIE,3,1.49,1.08,14,19,10,5,2,50.68,0,0
2019,4,6,MEZZI DI TRASPORTO,3,1.13,1.08,15,20,10,12,1,52.24,0,0
2019,1,5,ALTRI,2,0.53,1.07,6,10,2,0,22,67.65,0,0
2019,11,12,ALTRI,2,0.53,1.07,12,16,9,1,4,53.74,0,0
2019,10,10,SIDERURGIA,2,15.16,1.07,17,22,13,18,0,52.38,0,0
2019,1,19,CARTARIA,2,2.01,1.06,6,10,2,0,22,67.65,0,0
2019,9,10,SIDERURGIA,2,14.90,1.05,21,26,16,25,0,52.11,0,0
2019,1,18,ALTRI,2,0.51,1.04,6,10,2,0,22,67.65,0,0
2019,2,2,MEZZI DI TRASPORTO,3,1.09,1.04,9,14,4,0,15,59.41,0,0
2019,7,16,ALTRI,3,0.35,1.04,26,32,19,31,0,51.95,0,0
2019,2,16,MEZZI DI TRASPORTO,3,1.08,1.03,9,14,4,0,15,59.41,0,0
2019,11,4,CEMENTO CALCE E GESSO,3,0.71,1.03,12,16,9,1,4,53.74,0,0
2019,1,12,ALTRI,2,0.51,1.03,6,10,2,0,22,67.65,0,0
2019,11,19,METALLI NON FERROSI,2,1.44,1.03,12,16,9,1,4,53.74,0,0
2019,1,16,MEZZI DI TRASPORTO,3,1.07,1.02,6,10,2,0,22,67.65,0,0
2019,1,19,ALIMENTARE,2,1.63,1.02,6,10,2,0,22,67.65,0,0
2019,2,15,ALTRI,3,0.34,1.02,9,14,4,0,15,59.41,0,0
2019,3,16,MEZZI DI TRASPORTO,3,1.07,1.02,12,18,7,8,5,52.83,0,0
2019,3,6,CHIMICA,2,1.88,1.02,12,18,7,8,5,52.83,0,0
2019,8,7,CERAMICHE E VETRARIE,3,1.39,1.01,26,31,20,31,0,46.75,0,0
2019,1,10,SIDERURGIA,2,14.32,1.01,6,10,2,0,22,67.65,0,0
2019,11,17,METALLI NON FERROSI,2,1.41,1.01,12,16,9,1,4,53.74,0,0
2019,6,19,SIDERURGIA,2,14.16,1.00,24,30,18,28,0,48.15,0,0
2019,8,18,MECCANICA,2,2.22,0.99,26,31,20,31,0,46.75,0,0
2019,8,5,CHIMICA,2,1.83,0.99,26,31,20,31,0,46.75,0,0
2019,10,19,ALIMENTARE,2,1.58,0.99,17,22,13,18,0,52.38,0,0
2019,5,10,SIDERURGIA,2,14.12,0.99,14,19,10,5,2,50.68,0,0
2019,7,19,METALLI NON FERROSI,2,1.39,0.99,26,32,19,31,0,51.95,0,0
2019,12,19,SIDERURGIA,2,14.04,0.99,9,13,5,0,14,48.58,0,0
2019,4,14,CERAMICHE E VETRARIE,3,1.36,0.99,15,20,10,12,1,52.24,0,0
2019,4,12,ALTRI,2,0.49,0.99,15,20,10,12,1,52.24,0,0
2019,2,18,ALTRI,2,0.49,0.98,9,14,4,0,15,59.41,0,0
2019,2,6,CHIMICA,2,1.78,0.97,9,14,4,0,15,59.41,0,0
2019,12,18,MECCANICA,2,2.16,0.97,9,13,5,0,14,48.58,0,0
2019,1,6,CHIMICA,2,1.79,0.97,6,10,2,0,22,67.65,0,0
2019,11,19,ALIMENTARE,2,1.55,0.97,12,16,9,1,4,53.74,0,0
2019,5,16,MEZZI DI TRASPORTO,3,1.02,0.97,14,19,10,5,2,50.68,0,0
2019,7,6,CHIMICA,2,1.79,0.97,26,32,19,31,0,51.95,0,0
2019,10,8,MECCANICA,3,0.50,0.96,17,22,13,18,0,52.38,0,0
2019,12,13,METALLI NON FERROSI,2,1.35,0.96,9,13,5,0,14,48.58,0,0
2019,5,19,ALIMENTARE,2,1.51,0.95,14,19,10,5,2,50.68,0,0
2019,7,1,METALLI NON FERROSI,2,1.33,0.95,26,32,19,31,0,51.95,0,0
2019,10,1,METALLI NON FERROSI,2,1.31,0.94,17,22,13,18,0,52.38,0,0
2019,9,14,CERAMICHE E VETRARIE,3,1.30,0.94,21,26,16,25,0,52.11,0,0
2019,9,1,METALLI NON FERROSI,2,1.30,0.93,21,26,16,25,0,52.11,0,0
2019,7,8,ALIMENTARE,2,1.49,0.93,26,32,19,31,0,51.95,0,0
2019,8,4,CHIMICA,2,1.70,0.93,26,31,20,31,0,46.75,0,0
2019,4,16,MEZZI DI TRASPORTO,3,0.98,0.93,15,20,10,12,1,52.24,0,0
2019,12,4,CEMENTO CALCE E GESSO,3,0.64,0.93,9,13,5,0,14,48.58,0,0
2019,12,19,ALIMENTARE,2,1.46,0.92,9,13,5,0,14,48.58,0,0
2019,9,19,ALIMENTARE,2,1.47,0.92,21,26,16,25,0,52.11,0,0
2019,3,19,METALLI NON FERROSI,3,0.42,0.92,12,18,7,8,5,52.83,0,0
2019,7,16,MEZZI DI TRASPORTO,3,0.97,0.92,26,32,19,31,0,51.95,0,0
2019,7,19,METALLI NON FERROSI,3,0.42,0.91,26,32,19,31,0,51.95,0,0
2019,11,1,METALLI NON FERROSI,2,1.27,0.91,12,16,9,1,4,53.74,0,0
2019,7,19,CHIMICA,2,1.65,0.90,26,32,19,31,0,51.95,0,0
2019,12,17,METALLI NON FERROSI,2,1.25,0.90,9,13,5,0,14,48.58,0,0
2019,11,8,CARTARIA,2,1.70,0.90,12,16,9,1,4,53.74,0,0
2019,11,6,CHIMICA,2,1.64,0.89,12,16,9,1,4,53.74,0,0
2019,10,19,CHIMICA,2,1.64,0.89,17,22,13,18,0,52.38,0,0
2019,10,16,MEZZI DI TRASPORTO,3,0.94,0.89,17,22,13,18,0,52.38,0,0
2019,12,19,METALLI NON FERROSI,2,1.25,0.89,9,13,5,0,14,48.58,0,0
2019,9,16,MEZZI DI TRASPORTO,3,0.94,0.89,21,26,16,25,0,52.11,0,0
2019,5,19,METALLI NON FERROSI,3,0.41,0.89,14,19,10,5,2,50.68,0,0
2019,9,19,METALLI NON FERROSI,3,0.40,0.88,21,26,16,25,0,52.11,0,0
2019,4,19,METALLI NON FERROSI,3,0.40,0.88,15,20,10,12,1,52.24,0,0
2019,2,19,ALIMENTARE,2,1.41,0.88,9,14,4,0,15,59.41,0,0
2019,5,6,CHIMICA,2,1.60,0.87,14,19,10,5,2,50.68,0,0
2019,1,19,CHIMICA,2,1.59,0.87,6,10,2,0,22,67.65,0,0
2019,11,19,METALLI NON FERROSI,3,0.40,0.87,12,16,9,1,4,53.74,0,0
2019,8,4,CEMENTO CALCE E GESSO,3,0.60,0.87,26,31,20,31,0,46.75,0,0
2019,8,21,SIDERURGIA,2,12.22,0.86,26,31,20,31,0,46.75,0,0
2019,7,19,ALIMENTARE,2,1.37,0.86,26,32,19,31,0,51.95,0,0
2019,8,14,MECCANICA,3,0.45,0.86,26,31,20,31,0,46.75,0,0
2019,3,19,ALIMENTARE,2,1.36,0.86,12,18,7,8,5,52.83,0,0
2019,6,19,METALLI NON FERROSI,3,0.39,0.86,24,30,18,28,0,48.15,0,0
2019,9,6,CHIMICA,2,1.57,0.85,21,26,16,25,0,52.11,0,0
2019,4,19,ALIMENTARE,2,1.34,0.84,15,20,10,12,1,52.24,0,0
2019,10,19,METALLI NON FERROSI,3,0.38,0.83,17,22,13,18,0,52.38,0,0
2019,7,7,METALLI NON FERROSI,2,1.16,0.83,26,32,19,31,0,51.95,0,0
2019,6,1,METALLI NON FERROSI,2,1.14,0.82,24,30,18,28,0,48.15,0,0
2019,8,8,CHIMICA,2,1.51,0.82,26,31,20,31,0,46.75,0,0
2019,6,6,CHIMICA,2,1.51,0.82,24,30,18,28,0,48.15,0,0
2019,8,4,ALTRI,2,0.40,0.81,26,31,20,31,0,46.75,0,0
2019,7,19,CARTARIA,2,1.54,0.81,26,32,19,31,0,51.95,0,0
2019,10,6,CHIMICA,2,1.48,0.81,17,22,13,18,0,52.38,0,0
2019,11,16,MEZZI DI TRASPORTO,3,0.85,0.81,12,16,9,1,4,53.74,0,0
2019,1,1,METALLI NON FERROSI,2,1.13,0.81,6,10,2,0,22,67.65,0,0
2019,8,19,ALIMENTARE,2,1.27,0.80,26,31,20,31,0,46.75,0,0
2019,8,19,METALLI NON FERROSI,3,0.37,0.80,26,31,20,31,0,46.75,0,0
2019,3,1,METALLI NON FERROSI,2,1.12,0.80,12,18,7,8,5,52.83,0,0
2019,6,19,CARTARIA,2,1.49,0.79,24,30,18,28,0,48.15,0,0
2019,5,1,METALLI NON FERROSI,2,1.11,0.79,14,19,10,5,2,50.68,0,0
2019,5,4,ALTRI,2,0.39,0.79,14,19,10,5,2,50.68,0,0
2019,12,16,MEZZI DI TRASPORTO,3,0.82,0.78,9,13,5,0,14,48.58,0,0
2019,12,8,CARTARIA,2,1.48,0.78,9,13,5,0,14,48.58,0,0
2019,12,1,METALLI NON FERROSI,2,1.08,0.77,9,13,5,0,14,48.58,0,0
2019,6,19,ALIMENTARE,2,1.22,0.77,24,30,18,28,0,48.15,0,0
2019,4,6,CHIMICA,2,1.42,0.77,15,20,10,12,1,52.24,0,0
2019,7,15,CHIMICA,2,1.40,0.76,26,32,19,31,0,51.95,0,0
2019,11,10,SIDERURGIA,2,10.76,0.76,12,16,9,1,4,53.74,0,0
2019,8,12,ALTRI,2,0.38,0.76,26,31,20,31,0,46.75,0,0
2019,8,16,MEZZI DI TRASPORTO,3,0.80,0.76,26,31,20,31,0,46.75,0,0
2019,3,19,CHIMICA,2,1.37,0.75,12,18,7,8,5,52.83,0,0
2019,6,4,ALTRI,2,0.37,0.75,24,30,18,28,0,48.15,0,0
2019,4,1,METALLI NON FERROSI,2,1.05,0.75,15,20,10,12,1,52.24,0,0
2019,8,11,ALTRI,2,0.36,0.74,26,31,20,31,0,46.75,0,0
2019,9,19,METALLI NON FERROSI,2,1.03,0.74,21,26,16,25,0,52.11,0,0
2019,2,19,CHIMICA,2,1.37,0.74,9,14,4,0,15,59.41,0,0
2019,12,10,SIDERURGIA,2,10.56,0.74,9,13,5,0,14,48.58,0,0
2019,2,19,METALLI NON FERROSI,3,0.34,0.74,9,14,4,0,15,59.41,0,0
2019,4,10,SIDERURGIA,2,10.54,0.74,15,20,10,12,1,52.24,0,0
2019,2,1,METALLI NON FERROSI,2,1.03,0.73,9,14,4,0,15,59.41,0,0
2019,12,4,CHIMICA,2,1.33,0.73,9,13,5,0,14,48.58,0,0
2019,9,19,CHIMICA,2,1.34,0.73,21,26,16,25,0,52.11,0,0
2019,10,19,METALLI NON FERROSI,2,1.02,0.73,17,22,13,18,0,52.38,0,0
2019,5,7,METALLI NON FERROSI,2,1.00,0.72,14,19,10,5,2,50.68,0,0
2019,3,16,METALLI NON FERROSI,3,0.32,0.71,12,18,7,8,5,52.83,0,0
2019,12,12,ALTRI,2,0.35,0.71,9,13,5,0,14,48.58,0,0
2019,1,19,METALLI NON FERROSI,3,0.32,0.71,6,10,2,0,22,67.65,0,0
2019,6,7,METALLI NON FERROSI,2,0.99,0.71,24,30,18,28,0,48.15,0,0
2019,7,14,MECCANICA,2,1.56,0.70,26,32,19,31,0,51.95,0,0
2019,9,4,ALTRI,2,0.34,0.70,21,26,16,25,0,52.11,0,0
2019,10,13,CHIMICA,2,1.29,0.70,17,22,13,18,0,52.38,0,0
2019,12,13,CHIMICA,2,1.29,0.70,9,13,5,0,14,48.58,0,0
2019,3,4,ALTRI,2,0.34,0.69,12,18,7,8,5,52.83,0,0
2019,10,7,METALLI NON FERROSI,2,0.97,0.69,17,22,13,18,0,52.38,0,0
2019,8,13,CHIMICA,2,1.27,0.69,26,31,20,31,0,46.75,0,0
2019,6,19,CHIMICA,2,1.26,0.69,24,30,18,28,0,48.15,0,0
2019,4,19,CARTARIA,2,1.30,0.69,15,20,10,12,1,52.24,0,0
2019,4,19,CHIMICA,2,1.26,0.69,15,20,10,12,1,52.24,0,0
2019,4,4,ALTRI,2,0.34,0.69,15,20,10,12,1,52.24,0,0
2019,8,19,SIDERURGIA,2,9.72,0.68,26,31,20,31,0,46.75,0,0
2019,5,19,CARTARIA,2,1.28,0.68,14,19,10,5,2,50.68,0,0
2019,7,4,ALTRI,2,0.34,0.68,26,32,19,31,0,51.95,0,0
2019,2,19,CARTARIA,2,1.29,0.68,9,14,4,0,15,59.41,0,0
2019,12,4,ALTRI,2,0.34,0.68,9,13,5,0,14,48.58,0,0
2019,12,11,ALTRI,2,0.33,0.67,9,13,5,0,14,48.58,0,0
2019,3,7,METALLI NON FERROSI,2,0.94,0.67,12,18,7,8,5,52.83,0,0
2019,11,13,CHIMICA,2,1.24,0.67,12,16,9,1,4,53.74,0,0
2019,10,4,ALTRI,2,0.33,0.67,17,22,13,18,0,52.38,0,0
2019,3,19,CARTARIA,2,1.27,0.67,12,18,7,8,5,52.83,0,0
2019,5,19,CHIMICA,2,1.24,0.67,14,19,10,5,2,50.68,0,0
2019,7,13,CHIMICA,2,1.23,0.67,26,32,19,31,0,51.95,0,0
2019,9,7,METALLI NON FERROSI,2,0.92,0.66,21,26,16,25,0,52.11,0,0
2019,3,13,CHIMICA,2,1.22,0.66,12,18,7,8,5,52.83,0,0
2019,1,11,MECCANICA,3,0.34,0.66,6,10,2,0,22,67.65,0,0
2019,6,13,CHIMICA,2,1.22,0.66,24,30,18,28,0,48.15,0,0
2019,5,13,CHIMICA,2,1.20,0.65,14,19,10,5,2,50.68,0,0
2019,1,13,CHIMICA,2,1.19,0.65,6,10,2,0,22,67.65,0,0
2019,7,14,CERAMICHE E VETRARIE,3,0.90,0.65,26,32,19,31,0,51.95,0,0
2019,8,1,METALLI NON FERROSI,2,0.90,0.64,26,31,20,31,0,46.75,0,0
2019,1,7,CARTARIA,2,1.21,0.64,6,10,2,0,22,67.65,0,0
2019,5,14,MECCANICA,2,1.42,0.64,14,19,10,5,2,50.68,0,0
2019,9,13,CHIMICA,2,1.18,0.64,21,26,16,25,0,52.11,0,0
2019,2,7,METALLI NON FERROSI,2,0.89,0.63,9,14,4,0,15,59.41,0,0
2019,1,14,MECCANICA,2,1.42,0.63,6,10,2,0,22,67.65,0,0
2019,4,13,CHIMICA,2,1.14,0.62,15,20,10,12,1,52.24,0,0
2019,11,7,METALLI NON FERROSI,2,0.87,0.62,12,16,9,1,4,53.74,0,0
2019,4,7,METALLI NON FERROSI,2,0.87,0.62,15,20,10,12,1,52.24,0,0
2019,4,5,SIDERURGIA,3,0.05,0.61,15,20,10,12,1,52.24,0,0
2019,6,14,MECCANICA,2,1.37,0.61,24,30,18,28,0,48.15,0,0
2019,8,13,METALLI NON FERROSI,2,0.86,0.61,26,31,20,31,0,46.75,0,0
2019,3,14,MECCANICA,2,1.36,0.61,12,18,7,8,5,52.83,0,0
2019,1,4,ALTRI,2,0.30,0.61,6,10,2,0,22,67.65,0,0
2019,1,7,METALLI NON FERROSI,2,0.85,0.61,6,10,2,0,22,67.65,0,0
2019,12,19,METALLI NON FERROSI,3,0.28,0.61,9,13,5,0,14,48.58,0,0
2019,2,4,ALTRI,2,0.29,0.60,9,14,4,0,15,59.41,0,0
2019,8,17,METALLI NON FERROSI,2,0.84,0.60,26,31,20,31,0,46.75,0,0
2019,8,7,CARTARIA,2,1.14,0.60,26,31,20,31,0,46.75,0,0
2019,11,4,ALTRI,2,0.30,0.60,12,16,9,1,4,53.74,0,0
2019,8,8,MECCANICA,3,0.31,0.59,26,31,20,31,0,46.75,0,0
2019,8,18,CARTARIA,2,1.12,0.59,26,31,20,31,0,46.75,0,0
2019,2,13,CHIMICA,2,1.08,0.59,9,14,4,0,15,59.41,0,0
2019,2,14,MECCANICA,2,1.30,0.58,9,14,4,0,15,59.41,0,0
2019,3,19,ALIMENTARE,3,3.99,0.58,12,18,7,8,5,52.83,0,0
2019,2,13,ALIMENTARE,3,3.92,0.57,9,14,4,0,15,59.41,0,0
2019,11,19,CHIMICA,2,1.04,0.57,12,16,9,1,4,53.74,0,0
2019,12,19,CHIMICA,2,1.03,0.56,9,13,5,0,14,48.58,0,0
2019,4,5,MECCANICA,2,1.26,0.56,15,20,10,12,1,52.24,0,0
2019,4,14,MECCANICA,2,1.23,0.55,15,20,10,12,1,52.24,0,0
2019,11,5,SIDERURGIA,3,0.04,0.55,12,16,9,1,4,53.74,0,0
2019,8,19,ALIMENTARE,3,3.78,0.55,26,31,20,31,0,46.75,0,0
2019,7,5,SIDERURGIA,3,0.04,0.55,26,32,19,31,0,51.95,0,0
2019,2,11,MECCANICA,3,0.28,0.54,9,14,4,0,15,59.41,0,0
2019,5,14,METALLI NON FERROSI,2,0.74,0.53,14,19,10,5,2,50.68,0,0
2019,9,7,CARTARIA,2,1.01,0.53,21,26,16,25,0,52.11,0,0
2019,7,14,METALLI NON FERROSI,2,0.74,0.53,26,32,19,31,0,51.95,0,0
2019,3,14,METALLI NON FERROSI,2,0.73,0.52,12,18,7,8,5,52.83,0,0
2019,12,7,METALLI NON FERROSI,2,0.72,0.51,9,13,5,0,14,48.58,0,0
2019,11,11,MECCANICA,3,0.27,0.51,12,16,9,1,4,53.74,0,0
2019,1,14,METALLI NON FERROSI,2,0.71,0.51,6,10,2,0,22,67.65,0,0
2019,10,8,CARTARIA,2,0.96,0.51,17,22,13,18,0,52.38,0,0
2019,10,14,MECCANICA,2,1.14,0.51,17,22,13,18,0,52.38,0,0
2019,3,14,CERAMICHE E VETRARIE,3,0.70,0.51,12,18,7,8,5,52.83,0,0
2019,3,11,MECCANICA,3,0.27,0.51,12,18,7,8,5,52.83,0,0
2019,8,14,CERAMICHE E VETRARIE,3,0.70,0.51,26,31,20,31,0,46.75,0,0
2019,9,14,METALLI NON FERROSI,2,0.71,0.51,21,26,16,25,0,52.11,0,0
2019,9,14,MECCANICA,2,1.14,0.51,21,26,16,25,0,52.11,0,0
2019,6,14,CERAMICHE E VETRARIE,3,0.69,0.50,24,30,18,28,0,48.15,0,0
2019,7,8,CHIMICA,2,0.92,0.50,26,32,19,31,0,51.95,0,0
2019,12,6,CHIMICA,2,0.92,0.50,9,13,5,0,14,48.58,0,0
2019,3,11,MECCANICA,2,1.09,0.49,12,18,7,8,5,52.83,0,0
2019,6,19,ALIMENTARE,3,3.37,0.49,24,30,18,28,0,48.15,0,0
2019,6,14,METALLI NON FERROSI,2,0.68,0.49,24,30,18,28,0,48.15,0,0
2019,10,5,SIDERURGIA,3,0.04,0.48,17,22,13,18,0,52.38,0,0
2019,2,14,METALLI NON FERROSI,2,0.68,0.48,9,14,4,0,15,59.41,0,0
2019,12,11,MECCANICA,3,0.25,0.48,9,13,5,0,14,48.58,0,0
2019,11,14,METALLI NON FERROSI,2,0.67,0.48,12,16,9,1,4,53.74,0,0
2019,10,11,MECCANICA,2,1.06,0.47,17,22,13,18,0,52.38,0,0
2019,12,7,CARTARIA,2,0.90,0.47,9,13,5,0,14,48.58,0,0
2019,12,5,SIDERURGIA,3,0.04,0.47,9,13,5,0,14,48.58,0,0
2019,5,5,SIDERURGIA,3,0.04,0.47,14,19,10,5,2,50.68,0,0
2019,9,16,ALTRI,3,0.16,0.47,21,26,16,25,0,52.11,0,0
2019,10,11,MECCANICA,3,0.25,0.47,17,22,13,18,0,52.38,0,0
2019,9,5,SIDERURGIA,3,0.04,0.47,21,26,16,25,0,52.11,0,0
2019,5,11,MECCANICA,2,1.03,0.46,14,19,10,5,2,50.68,0,0
2019,8,7,METALLI NON FERROSI,2,0.64,0.46,26,31,20,31,0,46.75,0,0
2019,6,5,SIDERURGIA,3,0.04,0.46,24,30,18,28,0,48.15,0,0
2019,7,11,MECCANICA,3,0.24,0.46,26,32,19,31,0,51.95,0,0
2019,10,14,METALLI NON FERROSI,2,0.61,0.44,17,22,13,18,0,52.38,0,0
2019,12,8,ALIMENTARE,2,0.70,0.44,9,13,5,0,14,48.58,0,0
2019,4,13,ALIMENTARE,3,3.03,0.44,15,20,10,12,1,52.24,0,0
2019,4,11,MECCANICA,3,0.22,0.43,15,20,10,12,1,52.24,0,0
2019,4,14,METALLI NON FERROSI,2,0.60,0.43,15,20,10,12,1,52.24,0,0
2019,2,11,MECCANICA,2,0.96,0.43,9,14,4,0,15,59.41,0,0
2019,9,11,MECCANICA,3,0.22,0.43,21,26,16,25,0,52.11,0,0
2019,5,11,MECCANICA,3,0.22,0.43,14,19,10,5,2,50.68,0,0
2019,8,9,METALLI NON FERROSI,2,0.59,0.42,26,31,20,31,0,46.75,0,0
2019,8,19,METALLI NON FERROSI,2,0.58,0.42,26,31,20,31,0,46.75,0,0
2019,12,14,METALLI NON FERROSI,2,0.58,0.42,9,13,5,0,14,48.58,0,0
2019,12,8,MECCANICA,3,0.22,0.42,9,13,5,0,14,48.58,0,0
2019,11,11,MECCANICA,2,0.94,0.42,12,16,9,1,4,53.74,0,0
2019,2,5,SIDERURGIA,3,0.03,0.41,9,14,4,0,15,59.41,0,0
2019,11,13,ALIMENTARE,3,2.82,0.41,12,16,9,1,4,53.74,0,0
2019,7,7,CARTARIA,2,0.78,0.41,26,32,19,31,0,51.95,0,0
2019,4,19,ALIMENTARE,3,2.82,0.41,15,20,10,12,1,52.24,0,0
2019,3,13,ALIMENTARE,3,2.82,0.41,12,18,7,8,5,52.83,0,0
2019,12,19,ALIMENTARE,3,2.75,0.40,9,13,5,0,14,48.58,0,0
2019,2,19,ALIMENTARE,3,2.75,0.40,9,14,4,0,15,59.41,0,0
2019,6,7,CARTARIA,2,0.73,0.39,24,30,18,28,0,48.15,0,0
2019,6,11,MECCANICA,3,0.20,0.39,24,30,18,28,0,48.15,0,0
2019,8,11,MECCANICA,3,0.20,0.38,26,31,20,31,0,46.75,0,0
2019,1,8,CHIMICA,2,0.68,0.37,6,10,2,0,22,67.65,0,0
2019,5,20,MECCANICA,3,0.18,0.35,14,19,10,5,2,50.68,0,0
2019,6,20,MECCANICA,3,0.18,0.35,24,30,18,28,0,48.15,0,0
2019,8,19,CHIMICA,2,0.63,0.34,26,31,20,31,0,46.75,0,0
2019,2,7,CARTARIA,2,0.64,0.34,9,14,4,0,15,59.41,0,0
2019,12,14,MECCANICA,2,0.75,0.34,9,13,5,0,14,48.58,0,0
2019,12,16,ALTRI,3,0.11,0.34,9,13,5,0,14,48.58,0,0
2019,12,9,CARTARIA,2,0.62,0.33,9,13,5,0,14,48.58,0,0
2019,1,9,MECCANICA,3,0.17,0.33,6,10,2,0,22,67.65,0,0
2019,11,14,MECCANICA,2,0.73,0.33,12,16,9,1,4,53.74,0,0
2019,1,9,CARTARIA,2,0.62,0.33,6,10,2,0,22,67.65,0,0
2019,3,20,MECCANICA,3,0.17,0.33,12,18,7,8,5,52.83,0,0
2019,8,6,CHIMICA,2,0.60,0.33,26,31,20,31,0,46.75,0,0
2019,9,20,MECCANICA,3,0.17,0.33,21,26,16,25,0,52.11,0,0
2019,4,20,MECCANICA,3,0.17,0.33,15,20,10,12,1,52.24,0,0
2019,7,19,ALIMENTARE,3,2.20,0.32,26,32,19,31,0,51.95,0,0
2019,3,5,SIDERURGIA,3,0.03,0.32,12,18,7,8,5,52.83,0,0
2019,10,20,MECCANICA,3,0.17,0.32,17,22,13,18,0,52.38,0,0
2019,2,14,CERAMICHE E VETRARIE,3,0.43,0.31,9,14,4,0,15,59.41,0,0
2019,12,11,MECCANICA,2,0.69,0.31,9,13,5,0,14,48.58,0,0
2019,2,20,MECCANICA,3,0.16,0.31,9,14,4,0,15,59.41,0,0
2019,1,20,MECCANICA,3,0.16,0.30,6,10,2,0,22,67.65,0,0
2019,10,9,CARTARIA,2,0.57,0.30,17,22,13,18,0,52.38,0,0
2019,11,8,SIDERURGIA,3,0.02,0.30,12,16,9,1,4,53.74,0,0
2019,9,8,CHIMICA,2,0.55,0.30,21,26,16,25,0,52.11,0,0
2019,9,8,SIDERURGIA,3,0.02,0.29,21,26,16,25,0,52.11,0,0
2019,7,20,MECCANICA,3,0.15,0.29,26,32,19,31,0,51.95,0,0
2019,8,14,MECCANICA,2,0.66,0.29,26,31,20,31,0,46.75,0,0
2019,11,7,CARTARIA,2,0.55,0.29,12,16,9,1,4,53.74,0,0
2019,10,8,SIDERURGIA,3,0.02,0.28,17,22,13,18,0,52.38,0,0
2019,1,9,METALLI NON FERROSI,3,0.13,0.28,6,10,2,0,22,67.65,0,0
2019,8,8,ALIMENTARE,2,0.44,0.28,26,31,20,31,0,46.75,0,0
2019,3,7,CARTARIA,2,0.49,0.26,12,18,7,8,5,52.83,0,0
2019,5,8,SIDERURGIA,3,0.02,0.26,14,19,10,5,2,50.68,0,0
2019,2,9,MECCANICA,3,0.13,0.25,9,14,4,0,15,59.41,0,0
2019,1,13,ALIMENTARE,3,1.72,0.25,6,10,2,0,22,67.65,0,0
2019,5,9,METALLI NON FERROSI,3,0.11,0.25,14,19,10,5,2,50.68,0,0
2019,5,7,CARTARIA,2,0.47,0.25,14,19,10,5,2,50.68,0,0
2019,7,9,METALLI NON FERROSI,3,0.11,0.24,26,32,19,31,0,51.95,0,0
2019,3,9,MECCANICA,3,0.13,0.24,12,18,7,8,5,52.83,0,0
2019,9,19,ALIMENTARE,3,1.65,0.24,21,26,16,25,0,52.11,0,0
2019,11,4,CHIMICA,2,0.45,0.24,12,16,9,1,4,53.74,0,0
2019,7,8,SIDERURGIA,3,0.02,0.24,26,32,19,31,0,51.95,0,0
2019,5,19,ALIMENTARE,3,1.65,0.24,14,19,10,5,2,50.68,0,0
2019,5,5,MECCANICA,2,0.51,0.23,14,19,10,5,2,50.68,0,0
2019,4,9,METALLI NON FERROSI,3,0.11,0.23,15,20,10,12,1,52.24,0,0
2019,10,7,CARTARIA,2,0.43,0.23,17,22,13,18,0,52.38,0,0
2019,11,9,CARTARIA,2,0.43,0.23,12,16,9,1,4,53.74,0,0
2019,3,9,METALLI NON FERROSI,3,0.11,0.23,12,18,7,8,5,52.83,0,0
2019,7,9,MECCANICA,3,0.12,0.23,26,32,19,31,0,51.95,0,0
2019,4,8,CHIMICA,2,0.42,0.23,15,20,10,12,1,52.24,0,0
2019,8,19,CARTARIA,2,0.42,0.22,26,31,20,31,0,46.75,0,0
2019,11,9,MECCANICA,3,0.11,0.22,12,16,9,1,4,53.74,0,0
2019,11,20,MECCANICA,3,0.11,0.22,12,16,9,1,4,53.74,0,0
2019,10,19,CARTARIA,2,0.41,0.22,17,22,13,18,0,52.38,0,0
2019,12,9,MECCANICA,3,0.11,0.22,9,13,5,0,14,48.58,0,0
2019,2,9,METALLI NON FERROSI,3,0.10,0.22,9,14,4,0,15,59.41,0,0
2019,1,16,METALLI NON FERROSI,3,0.10,0.21,6,10,2,0,22,67.65,0,0
2019,10,8,ALIMENTARE,2,0.33,0.21,17,22,13,18,0,52.38,0,0
2019,8,14,METALLI NON FERROSI,2,0.29,0.21,26,31,20,31,0,46.75,0,0
2019,9,9,MECCANICA,3,0.11,0.21,21,26,16,25,0,52.11,0,0
2019,4,8,SIDERURGIA,3,0.02,0.20,15,20,10,12,1,52.24,0,0
2019,6,4,CHIMICA,3,0.07,0.20,24,30,18,28,0,48.15,0,0
2019,6,9,MECCANICA,3,0.10,0.20,24,30,18,28,0,48.15,0,0
2019,6,8,SIDERURGIA,3,0.02,0.20,24,30,18,28,0,48.15,0,0
2019,6,9,METALLI NON FERROSI,3,0.09,0.20,24,30,18,28,0,48.15,0,0
2019,10,9,METALLI NON FERROSI,3,0.09,0.20,17,22,13,18,0,52.38,0,0
2019,10,9,MECCANICA,3,0.10,0.20,17,22,13,18,0,52.38,0,0
2019,1,5,MECCANICA,2,0.45,0.20,6,10,2,0,22,67.65,0,0
2019,12,8,CHIMICA,2,0.35,0.19,9,13,5,0,14,48.58,0,0
2019,3,8,CHIMICA,2,0.35,0.19,12,18,7,8,5,52.83,0,0
2019,8,9,MECCANICA,3,0.10,0.19,26,31,20,31,0,46.75,0,0
2019,10,8,CHIMICA,2,0.35,0.19,17,22,13,18,0,52.38,0,0
2019,6,18,CARTARIA,2,0.36,0.19,24,30,18,28,0,48.15,0,0
2019,9,9,METALLI NON FERROSI,3,0.09,0.19,21,26,16,25,0,52.11,0,0
2019,5,13,ALIMENTARE,3,1.24,0.18,14,19,10,5,2,50.68,0,0
2019,4,9,MECCANICA,3,0.09,0.18,15,20,10,12,1,52.24,0,0
2019,3,5,MECCANICA,2,0.41,0.18,12,18,7,8,5,52.83,0,0
2019,9,13,ALIMENTARE,3,1.24,0.18,21,26,16,25,0,52.11,0,0
2019,2,9,CARTARIA,2,0.34,0.18,9,14,4,0,15,59.41,0,0
2019,1,19,ALIMENTARE,3,1.24,0.18,6,10,2,0,22,67.65,0,0
2019,11,19,ALIMENTARE,3,1.17,0.17,12,16,9,1,4,53.74,0,0
2019,12,20,MECCANICA,3,0.09,0.17,9,13,5,0,14,48.58,0,0
2019,11,8,CHIMICA,2,0.32,0.17,12,16,9,1,4,53.74,0,0
2019,1,14,CERAMICHE E VETRARIE,3,0.23,0.17,6,10,2,0,22,67.65,0,0
2019,2,16,METALLI NON FERROSI,3,0.08,0.17,9,14,4,0,15,59.41,0,0
2019,7,9,CARTARIA,2,0.31,0.17,26,32,19,31,0,51.95,0,0
2019,5,9,MECCANICA,3,0.09,0.17,14,19,10,5,2,50.68,0,0
2019,9,8,ALIMENTARE,2,0.27,0.17,21,26,16,25,0,52.11,0,0
2019,2,8,CHIMICA,2,0.29,0.16,9,14,4,0,15,59.41,0,0
2019,8,9,CARTARIA,2,0.29,0.15,26,31,20,31,0,46.75,0,0
2019,8,20,MECCANICA,3,0.08,0.15,26,31,20,31,0,46.75,0,0
2019,4,7,CARTARIA,2,0.27,0.15,15,20,10,12,1,52.24,0,0
2019,8,11,CARTARIA,2,0.26,0.14,26,31,20,31,0,46.75,0,0
2019,6,11,CARTARIA,2,0.27,0.14,24,30,18,28,0,48.15,0,0
2019,7,11,CARTARIA,2,0.26,0.14,26,32,19,31,0,51.95,0,0
2019,5,6,CARTARIA,2,0.26,0.14,14,19,10,5,2,50.68,0,0
2019,10,19,ALIMENTARE,3,0.96,0.14,17,22,13,18,0,52.38,0,0
2019,3,8,SIDERURGIA,3,0.01,0.14,12,18,7,8,5,52.83,0,0
2019,11,9,METALLI NON FERROSI,3,0.06,0.13,12,16,9,1,4,53.74,0,0
2019,9,9,CARTARIA,2,0.24,0.13,21,26,16,25,0,52.11,0,0
2019,9,19,CARTARIA,2,0.22,0.12,21,26,16,25,0,52.11,0,0
2019,3,9,CARTARIA,2,0.22,0.12,12,18,7,8,5,52.83,0,0
2019,12,8,SIDERURGIA,3,0.01,0.12,9,13,5,0,14,48.58,0,0
2019,2,8,SIDERURGIA,3,0.01,0.11,9,14,4,0,15,59.41,0,0
2019,12,9,METALLI NON FERROSI,3,0.05,0.10,9,13,5,0,14,48.58,0,0
2019,7,18,CARTARIA,2,0.19,0.10,26,32,19,31,0,51.95,0,0
2019,12,19,CARTARIA,2,0.17,0.09,9,13,5,0,14,48.58,0,0
2019,1,8,SIDERURGIA,3,0.01,0.09,6,10,2,0,22,67.65,0,0
2019,8,5,SIDERURGIA,3,0.01,0.09,26,31,20,31,0,46.75,0,0
2019,6,8,CHIMICA,2,0.16,0.09,24,30,18,28,0,48.15,0,0
2019,8,9,METALLI NON FERROSI,3,0.04,0.08,26,31,20,31,0,46.75,0,0
2019,3,18,CARTARIA,2,0.15,0.08,12,18,7,8,5,52.83,0,0
2019,6,9,CARTARIA,2,0.16,0.08,24,30,18,28,0,48.15,0,0
2019,8,8,SIDERURGIA,3,0.01,0.07,26,31,20,31,0,46.75,0,0
2019,9,18,CARTARIA,2,0.11,0.06,21,26,16,25,0,52.11,0,0
2019,1,4,CHIMICA,3,0.02,0.06,6,10,2,0,22,67.65,0,0
2019,5,9,CARTARIA,2,0.10,0.05,14,19,10,5,2,50.68,0,0
2019,8,8,CARTARIA,2,0.09,0.05,26,31,20,31,0,46.75,0,0
2019,7,8,CARTARIA,2,0.09,0.05,26,32,19,31,0,51.95,0,0
2019,3,6,CARTARIA,2,0.07,0.04,12,18,7,8,5,52.83,0,0
2019,10,4,CHIMICA,3,0.01,0.04,17,22,13,18,0,52.38,0,0
2019,4,9,CARTARIA,2,0.07,0.04,15,20,10,12,1,52.24,0,0
2019,8,4,CHIMICA,3,0.01,0.04,26,31,20,31,0,46.75,0,0
2019,7,4,CHIMICA,3,0.01,0.04,26,32,19,31,0,51.95,0,0
2019,2,6,CARTARIA,2,0.06,0.03,9,14,4,0,15,59.41,0,0
2019,4,8,CARTARIA,2,0.06,0.03,15,20,10,12,1,52.24,0,0
2019,4,6,CARTARIA,2,0.06,0.03,15,20,10,12,1,52.24,0,0
2019,11,19,CARTARIA,2,0.05,0.03,12,16,9,1,4,53.74,0,0
2019,3,4,CHIMICA,3,0.01,0.02,12,18,7,8,5,52.83,0,0
2019,8,6,CARTARIA,2,0.03,0.02,26,31,20,31,0,46.75,0,0
2019,4,4,CHIMICA,3,0.01,0.02,15,20,10,12,1,52.24,0,0
2019,9,4,CHIMICA,3,0.01,0.02,21,26,16,25,0,52.11,0,0
2019,5,5,CERAMICHE E VETRARIE,3,0.01,0.01,14,19,10,5,2,50.68,0,0
2019,7,11,CEMENTO CALCE E GESSO,3,0.01,0.01,26,32,19,31,0,51.95,0,0
2019,8,5,CERAMICHE E VETRARIE,3,0.01,0.01,26,31,20,31,0,46.75,0,0
2019,8,11,CEMENTO CALCE E GESSO,3,0.01,0.01,26,31,20,31,0,46.75,0,0
2019,8,1,MECCANICA,3,0.01,0.01,26,31,20,31,0,46.75,0,0
2019,4,5,CERAMICHE E VETRARIE,3,0.01,0.01,15,20,10,12,1,52.24,0,0
2019,3,5,CERAMICHE E VETRARIE,3,0.01,0.01,12,18,7,8,5,52.83,0,0
2019,3,1,MECCANICA,3,0.01,0.01,12,18,7,8,5,52.83,0,0
2019,9,1,MECCANICA,3,0.01,0.01,21,26,16,25,0,52.11,0,0
2019,9,11,CEMENTO CALCE E GESSO,3,0.01,0.01,21,26,16,25,0,52.11,0,0
2019,9,5,CERAMICHE E VETRARIE,3,0.01,0.01,21,26,16,25,0,52.11,0,0
2019,11,11,CEMENTO CALCE E GESSO,3,0.01,0.01,12,16,9,1,4,53.74,0,0
2019,11,5,CERAMICHE E VETRARIE,3,0.01,0.01,12,16,9,1,4,53.74,0,0
2019,11,1,MECCANICA,3,0.01,0.01,12,16,9,1,4,53.74,0,0
2019,6,5,CERAMICHE E VETRARIE,3,0.01,0.01,24,30,18,28,0,48.15,0,0
2019,4,11,CEMENTO CALCE E GESSO,3,0.01,0.01,15,20,10,12,1,52.24,0,0
2019,10,5,CERAMICHE E VETRARIE,3,0.01,0.01,17,22,13,18,0,52.38,0,0
2019,10,1,MECCANICA,3,0.01,0.01,17,22,13,18,0,52.38,0,0
2019,5,11,CEMENTO CALCE E GESSO,3,0.01,0.01,14,19,10,5,2,50.68,0,0
2019,7,5,CERAMICHE E VETRARIE,3,0.01,0.01,26,32,19,31,0,51.95,0,0
2019,10,11,CEMENTO CALCE E GESSO,3,0.01,0.01,17,22,13,18,0,52.38,0,0
2019,12,11,CEMENTO CALCE E GESSO,3,0.01,0.01,9,13,5,0,14,48.58,0,0
2019,12,1,MECCANICA,3,0.01,0.01,9,13,5,0,14,48.58,0,0
2019,6,1,MECCANICA,3,0.01,0.01,24,30,18,28,0,48.15,0,0
2019,6,11,CEMENTO CALCE E GESSO,3,0.01,0.01,24,30,18,28,0,48.15,0,0
2019,2,5,CERAMICHE E VETRARIE,3,0.01,0.01,9,14,4,0,15,59.41,0,0
2019,2,11,CEMENTO CALCE E GESSO,3,0.01,0.01,9,14,4,0,15,59.41,0,0
2019,12,5,CERAMICHE E VETRARIE,3,0.01,0.01,9,13,5,0,14,48.58,0,0
2019,3,11,CEMENTO CALCE E GESSO,3,0.01,0.01,12,18,7,8,5,52.83,0,0
2019,7,1,MECCANICA,3,0.01,0.01,26,32,19,31,0,51.95,0,0
2019,1,5,CERAMICHE E VETRARIE,3,0.01,0.01,6,10,2,0,22,67.65,0,0
2019,12,4,CHIMICA,3,0.00,0.01,9,13,5,0,14,48.58,0,0
2019,1,11,CEMENTO CALCE E GESSO,3,0.01,0.01,6,10,2,0,22,67.65,0,0
2019,11,4,CHIMICA,3,0.00,0.01,12,16,9,1,4,53.74,0,0
2019,11,15,CHIMICA,2,0.00,0.00,12,16,9,1,4,53.74,0,0
2019,11,1,CEMENTO CALCE E GESSO,3,0.00,0.00,12,16,9,1,4,53.74,0,0
2019,10,1,CEMENTO CALCE E GESSO,3,0.00,0.00,17,22,13,18,0,52.38,0,0
2019,1,1,MECCANICA,3,0.00,0.00,6,10,2,0,22,67.65,0,0
2019,1,18,CARTARIA,2,0.00,0.00,6,10,2,0,22,67.65,0,0
2019,11,11,CARTARIA,2,0.00,0.00,12,16,9,1,4,53.74,0,0
2019,1,1,CEMENTO CALCE E GESSO,3,0.00,0.00,6,10,2,0,22,67.65,0,0
2019,11,18,CARTARIA,2,0.00,0.00,12,16,9,1,4,53.74,0,0
2019,12,6,CARTARIA,2,0.00,0.00,9,13,5,0,14,48.58,0,0
2019,1,8,ALIMENTARE,2,0.00,0.00,6,10,2,0,22,67.65,0,0
2019,2,18,CARTARIA,2,0.00,0.00,9,14,4,0,15,59.41,0,0
2019,12,11,CARTARIA,2,0.00,0.00,9,13,5,0,14,48.58,0,0
2019,1,11,CARTARIA,2,0.00,0.00,6,10,2,0,22,67.65,0,0
2019,1,8,CARTARIA,2,0.00,0.00,6,10,2,0,22,67.65,0,0
2019,1,15,CHIMICA,2,0.00,0.00,6,10,2,0,22,67.65,0,0
2019,1,2,CEMENTO CALCE E GESSO,3,0.00,0.00,6,10,2,0,22,67.65,0,0
2019,1,6,CARTARIA,2,0.00,0.00,6,10,2,0,22,67.65,0,0
2019,3,1,CEMENTO CALCE E GESSO,3,0.00,0.00,12,18,7,8,5,52.83,0,0
2019,4,2,CEMENTO CALCE E GESSO,3,0.00,0.00,15,20,10,12,1,52.24,0,0
2019,4,8,ALIMENTARE,2,0.00,0.00,15,20,10,12,1,52.24,0,0
2019,5,8,ALIMENTARE,2,0.00,0.00,14,19,10,5,2,50.68,0,0
2019,5,1,MECCANICA,3,0.00,0.00,14,19,10,5,2,50.68,0,0
2019,5,15,CHIMICA,2,0.00,0.00,14,19,10,5,2,50.68,0,0
2019,5,1,CEMENTO CALCE E GESSO,3,0.00,0.00,14,19,10,5,2,50.68,0,0
2019,3,11,CARTARIA,2,0.00,0.00,12,18,7,8,5,52.83,0,0
2019,2,2,CEMENTO CALCE E GESSO,3,0.00,0.00,9,14,4,0,15,59.41,0,0
2019,2,1,MECCANICA,3,0.00,0.00,9,14,4,0,15,59.41,0,0
2019,2,11,CARTARIA,2,0.00,0.00,9,14,4,0,15,59.41,0,0
2019,12,15,CHIMICA,2,0.00,0.00,9,13,5,0,14,48.58,0,0
2019,12,1,CEMENTO CALCE E GESSO,3,0.00,0.00,9,13,5,0,14,48.58,0,0
2019,2,1,CEMENTO CALCE E GESSO,3,0.00,0.00,9,14,4,0,15,59.41,0,0
2019,6,8,ALIMENTARE,2,0.00,0.00,24,30,18,28,0,48.15,0,0
2019,12,18,CARTARIA,2,0.00,0.00,9,13,5,0,14,48.58,0,0
2019,2,15,CHIMICA,2,0.00,0.00,9,14,4,0,15,59.41,0,0
2019,2,8,ALIMENTARE,2,0.00,0.00,9,14,4,0,15,59.41,0,0
2019,2,4,CHIMICA,3,0.00,0.00,9,14,4,0,15,59.41,0,0
2019,2,8,CARTARIA,2,0.00,0.00,9,14,4,0,15,59.41,0,0
2019,2,5,MECCANICA,2,0.00,0.00,9,14,4,0,15,59.41,0,0
2019,10,15,CHIMICA,2,0.00,0.00,17,22,13,18,0,52.38,0,0
2019,10,11,CARTARIA,2,0.00,0.00,17,22,13,18,0,52.38,0,0
2019,10,18,CARTARIA,2,0.00,0.00,17,22,13,18,0,52.38,0,0
2019,3,2,CEMENTO CALCE E GESSO,3,0.00,0.00,12,18,7,8,5,52.83,0,0
2019,9,15,CHIMICA,2,0.00,0.00,21,26,16,25,0,52.11,0,0
2019,9,6,CARTARIA,2,0.00,0.00,21,26,16,25,0,52.11,0,0
2019,7,6,CARTARIA,2,0.00,0.00,26,32,19,31,0,51.95,0,0
2019,5,2,CEMENTO CALCE E GESSO,3,0.00,0.00,14,19,10,5,2,50.68,0,0
2019,5,11,CARTARIA,2,0.00,0.00,14,19,10,5,2,50.68,0,0
2019,5,8,CHIMICA,2,0.00,0.00,14,19,10,5,2,50.68,0,0
2019,10,6,CARTARIA,2,0.01,0.00,17,22,13,18,0,52.38,0,0
2019,4,11,CARTARIA,2,0.00,0.00,15,20,10,12,1,52.24,0,0
2019,4,18,CARTARIA,2,0.00,0.00,15,20,10,12,1,52.24,0,0
2019,6,1,CEMENTO CALCE E GESSO,3,0.00,0.00,24,30,18,28,0,48.15,0,0
2019,7,1,CEMENTO CALCE E GESSO,3,0.00,0.00,26,32,19,31,0,51.95,0,0
2019,6,8,CARTARIA,2,0.00,0.00,24,30,18,28,0,48.15,0,0
2019,6,6,CARTARIA,2,0.00,0.00,24,30,18,28,0,48.15,0,0
2019,11,6,CARTARIA,2,0.00,0.00,12,16,9,1,4,53.74,0,0
2019,11,8,ALIMENTARE,2,0.00,0.00,12,16,9,1,4,53.74,0,0
2019,6,15,CHIMICA,2,0.00,0.00,24,30,18,28,0,48.15,0,0
2019,3,8,CARTARIA,2,0.00,0.00,12,18,7,8,5,52.83,0,0
2019,3,15,CHIMICA,2,0.00,0.00,12,18,7,8,5,52.83,0,0
2019,3,8,ALIMENTARE,2,0.00,0.00,12,18,7,8,5,52.83,0,0
2019,4,1,CEMENTO CALCE E GESSO,3,0.00,0.00,15,20,10,12,1,52.24,0,0
2019,8,15,CHIMICA,2,0.00,0.00,26,31,20,31,0,46.75,0,0
2019,8,1,CEMENTO CALCE E GESSO,3,0.00,0.00,26,31,20,31,0,46.75,0,0
2019,5,16,METALLI NON FERROSI,3,0.00,0.00,14,19,10,5,2,50.68,0,0
2019,5,8,CARTARIA,2,0.00,0.00,14,19,10,5,2,50.68,0,0
2019,5,18,CARTARIA,2,0.00,0.00,14,19,10,5,2,50.68,0,0
2019,5,4,CHIMICA,3,0.00,0.00,14,19,10,5,2,50.68,0,0
2019,9,8,CARTARIA,2,0.00,0.00,21,26,16,25,0,52.11,0,0
2019,9,11,CARTARIA,2,0.00,0.00,21,26,16,25,0,52.11,0,0
2019,9,1,CEMENTO CALCE E GESSO,3,0.00,0.00,21,26,16,25,0,52.11,0,0
2019,4,15,CHIMICA,2,0.00,0.00,15,20,10,12,1,52.24,0,0
2019,4,1,MECCANICA,3,0.00,0.00,15,20,10,12,1,52.24,0,0
2019,7,10,Commercio,1,7.15,438.66,26,32,19,31,0,51.95,0,0
2019,6,10,Commercio,1,6.35,389.16,24,30,18,28,0,48.15,0,0
2019,8,10,Commercio,1,6.24,382.91,26,31,20,31,0,46.75,0,0
2019,1,10,Commercio,1,6.07,372.11,6,10,2,0,22,67.65,0,0
2019,12,10,Commercio,1,5.75,352.59,9,13,5,0,14,48.58,0,0
2019,9,10,Commercio,1,5.72,350.55,21,26,16,25,0,52.11,0,0
2019,10,10,Commercio,1,5.51,338.05,17,22,13,18,0,52.38,0,0
2019,11,10,Commercio,1,5.51,337.71,12,16,9,1,4,53.74,0,0
2019,3,10,Commercio,1,5.47,335.33,12,18,7,8,5,52.83,0,0
2019,2,10,Commercio,1,5.28,324.11,9,14,4,0,15,59.41,0,0
2019,5,10,Commercio,1,5.22,319.97,14,19,10,5,2,50.68,0,0
2019,4,10,Commercio,1,5.00,306.86,15,20,10,12,1,52.24,0,0
2019,7,10,"Alberghi, ristoranti e bar",1,3.90,239.22,26,32,19,31,0,51.95,0,0
2019,7,8,Commercio,1,3.71,227.52,26,32,19,31,0,51.95,0,0
2019,1,10,Trasporto e magazzinaggio,1,3.62,221.77,6,10,2,0,22,67.65,0,0
2019,6,10,"Alberghi, ristoranti e bar",1,3.51,215.24,24,30,18,28,0,48.15,0,0
2019,7,10,Altri servizi,1,3.46,212.36,26,32,19,31,0,51.95,0,0
2019,8,8,Commercio,1,3.41,209.36,26,31,20,31,0,46.75,0,0
2019,3,10,"Attività professionali, scientifiche e tecniche",1,3.38,207.47,12,18,7,8,5,52.83,0,0
2019,12,10,Trasporto e magazzinaggio,1,3.37,206.70,9,13,5,0,14,48.58,0,0
2019,7,10,Trasporto e magazzinaggio,1,3.37,206.40,26,32,19,31,0,51.95,0,0
2019,7,10,"Attività professionali, scientifiche e tecniche",1,3.36,206.35,26,32,19,31,0,51.95,0,0
2019,8,10,"Alberghi, ristoranti e bar",1,3.36,205.77,26,31,20,31,0,46.75,0,0
2019,7,21,Commercio,1,3.31,203.24,26,32,19,31,0,51.95,0,0
2019,6,8,Commercio,1,3.25,199.48,24,30,18,28,0,48.15,0,0
2019,11,10,Trasporto e magazzinaggio,1,3.21,197.11,12,16,9,1,4,53.74,0,0
2019,1,10,Altri servizi,1,3.20,196.46,6,10,2,0,22,67.65,0,0
2019,2,10,Trasporto e magazzinaggio,1,3.20,196.14,9,14,4,0,15,59.41,0,0
2019,5,10,Trasporto e magazzinaggio,1,3.17,194.17,14,19,10,5,2,50.68,0,0
2019,8,10,Trasporto e magazzinaggio,1,3.16,193.97,26,31,20,31,0,46.75,0,0
2019,6,10,Altri servizi,1,3.11,190.54,24,30,18,28,0,48.15,0,0
2019,8,21,Commercio,1,3.09,189.48,26,31,20,31,0,46.75,0,0
2019,3,10,Trasporto e magazzinaggio,1,3.08,189.05,12,18,7,8,5,52.83,0,0
2019,3,10,Altri servizi,1,3.08,188.87,12,18,7,8,5,52.83,0,0
2019,1,8,Commercio,1,3.07,188.37,6,10,2,0,22,67.65,0,0
2019,9,8,Commercio,1,3.05,187.19,21,26,16,25,0,52.11,0,0
2019,9,10,"Alberghi, ristoranti e bar",1,3.04,186.68,21,26,16,25,0,52.11,0,0
2019,6,10,"Attività professionali, scientifiche e tecniche",1,3.04,186.63,24,30,18,28,0,48.15,0,0
2019,4,10,Trasporto e magazzinaggio,1,3.03,185.60,15,20,10,12,1,52.24,0,0
2019,6,21,Commercio,1,3.02,184.95,24,30,18,28,0,48.15,0,0
2019,6,10,Trasporto e magazzinaggio,1,3.01,184.51,24,30,18,28,0,48.15,0,0
2019,11,10,Altri servizi,1,3.01,184.50,12,16,9,1,4,53.74,0,0
2019,10,10,Trasporto e magazzinaggio,1,3.00,184.08,17,22,13,18,0,52.38,0,0
2019,9,10,Trasporto e magazzinaggio,1,2.93,179.67,21,26,16,25,0,52.11,0,0
2019,1,10,"Attività professionali, scientifiche e tecniche",1,2.93,179.53,6,10,2,0,22,67.65,0,0
2019,12,10,Altri servizi,1,2.92,179.28,9,13,5,0,14,48.58,0,0
2019,10,10,Altri servizi,1,2.92,178.84,17,22,13,18,0,52.38,0,0
2019,2,10,Altri servizi,1,2.90,178.03,9,14,4,0,15,59.41,0,0
2019,7,6,Commercio,1,2.85,174.97,26,32,19,31,0,51.95,0,0
2019,1,21,Commercio,1,2.85,174.49,6,10,2,0,22,67.65,0,0
2019,9,10,Altri servizi,1,2.84,174.10,21,26,16,25,0,52.11,0,0
2019,12,10,"Alberghi, ristoranti e bar",1,2.83,173.67,9,13,5,0,14,48.58,0,0
2019,12,8,Commercio,1,2.83,173.57,9,13,5,0,14,48.58,0,0
2019,10,8,Commercio,1,2.82,173.14,17,22,13,18,0,52.38,0,0
2019,5,10,"Alberghi, ristoranti e bar",1,2.80,171.77,14,19,10,5,2,50.68,0,0
2019,10,10,"Alberghi, ristoranti e bar",1,2.80,171.56,17,22,13,18,0,52.38,0,0
2019,1,10,"Alberghi, ristoranti e bar",1,2.78,170.21,6,10,2,0,22,67.65,0,0
2019,11,10,"Attività professionali, scientifiche e tecniche",1,2.77,170.15,12,16,9,1,4,53.74,0,0
2019,9,10,"Attività professionali, scientifiche e tecniche",1,2.77,169.63,21,26,16,25,0,52.11,0,0
2019,12,10,"Attività professionali, scientifiche e tecniche",1,2.76,169.37,9,13,5,0,14,48.58,0,0
2019,5,10,Altri servizi,1,2.75,168.82,14,19,10,5,2,50.68,0,0
2019,10,10,"Attività professionali, scientifiche e tecniche",1,2.73,167.36,17,22,13,18,0,52.38,0,0
2019,8,6,Commercio,1,2.73,167.36,26,31,20,31,0,46.75,0,0
2019,12,21,Commercio,1,2.73,167.14,9,13,5,0,14,48.58,0,0
2019,7,5,Commercio,1,2.72,166.71,26,32,19,31,0,51.95,0,0
2019,9,21,Commercio,1,2.72,166.56,21,26,16,25,0,52.11,0,0
2019,7,8,Trasporto e magazzinaggio,1,2.70,165.34,26,32,19,31,0,51.95,0,0
2019,3,8,Commercio,1,2.69,165.26,12,18,7,8,5,52.83,0,0
2019,11,8,Commercio,1,2.69,165.16,12,16,9,1,4,53.74,0,0
2019,8,10,Altri servizi,1,2.68,164.52,26,31,20,31,0,46.75,0,0
2019,8,10,"Attività professionali, scientifiche e tecniche",1,2.67,163.61,26,31,20,31,0,46.75,0,0
2019,11,10,"Alberghi, ristoranti e bar",1,2.66,163.10,12,16,9,1,4,53.74,0,0
2019,1,8,Trasporto e magazzinaggio,1,2.65,162.42,6,10,2,0,22,67.65,0,0
2019,5,8,Commercio,1,2.64,162.22,14,19,10,5,2,50.68,0,0
2019,10,21,Commercio,1,2.64,162.19,17,22,13,18,0,52.38,0,0
2019,4,10,"Alberghi, ristoranti e bar",1,2.64,161.81,15,20,10,12,1,52.24,0,0
2019,2,8,Commercio,1,2.64,161.64,9,14,4,0,15,59.41,0,0
2019,2,10,"Attività professionali, scientifiche e tecniche",1,2.60,159.72,9,14,4,0,15,59.41,0,0
2019,7,21,"Alberghi, ristoranti e bar",1,2.59,159.13,26,32,19,31,0,51.95,0,0
2019,7,8,"Alberghi, ristoranti e bar",1,2.59,158.67,26,32,19,31,0,51.95,0,0
2019,4,10,Altri servizi,1,2.58,158.50,15,20,10,12,1,52.24,0,0
2019,11,21,Commercio,1,2.57,157.38,12,16,9,1,4,53.74,0,0
2019,8,5,Commercio,1,2.56,156.85,26,31,20,31,0,46.75,0,0
2019,8,21,"Alberghi, ristoranti e bar",1,2.55,156.53,26,31,20,31,0,46.75,0,0
2019,5,10,"Attività professionali, scientifiche e tecniche",1,2.55,156.29,14,19,10,5,2,50.68,0,0
2019,8,8,Trasporto e magazzinaggio,1,2.53,154.95,26,31,20,31,0,46.75,0,0
2019,6,8,Trasporto e magazzinaggio,1,2.51,154.25,24,30,18,28,0,48.15,0,0
2019,3,8,Trasporto e magazzinaggio,1,2.51,154.10,12,18,7,8,5,52.83,0,0
2019,4,8,Commercio,1,2.51,154.00,15,20,10,12,1,52.24,0,0
2019,2,10,"Alberghi, ristoranti e bar",1,2.50,153.26,9,14,4,0,15,59.41,0,0
2019,6,6,Commercio,1,2.50,153.06,24,30,18,28,0,48.15,0,0
2019,3,21,Commercio,1,2.47,151.55,12,18,7,8,5,52.83,0,0
2019,7,17,Commercio,1,2.46,150.86,26,32,19,31,0,51.95,0,0
2019,1,6,Commercio,1,2.45,150.28,6,10,2,0,22,67.65,0,0
2019,2,21,Commercio,1,2.43,148.99,9,14,4,0,15,59.41,0,0
2019,5,21,Commercio,1,2.42,148.45,14,19,10,5,2,50.68,0,0
2019,8,8,"Alberghi, ristoranti e bar",1,2.41,147.75,26,31,20,31,0,46.75,0,0
2019,3,10,"Alberghi, ristoranti e bar",1,2.40,146.94,12,18,7,8,5,52.83,0,0
2019,9,6,Commercio,1,2.39,146.54,21,26,16,25,0,52.11,0,0
2019,6,21,"Alberghi, ristoranti e bar",1,2.37,145.44,24,30,18,28,0,48.15,0,0
2019,5,8,Trasporto e magazzinaggio,1,2.37,145.23,14,19,10,5,2,50.68,0,0
2019,6,5,Commercio,1,2.36,144.92,24,30,18,28,0,48.15,0,0
2019,4,10,"Attività professionali, scientifiche e tecniche",1,2.36,144.46,15,20,10,12,1,52.24,0,0
2019,2,8,Trasporto e magazzinaggio,1,2.35,144.25,9,14,4,0,15,59.41,0,0
2019,9,8,Trasporto e magazzinaggio,1,2.33,143.18,21,26,16,25,0,52.11,0,0
2019,7,16,Commercio,1,2.33,142.76,26,32,19,31,0,51.95,0,0
2019,12,8,Trasporto e magazzinaggio,1,2.32,142.46,9,13,5,0,14,48.58,0,0
2019,12,6,Commercio,1,2.32,142.12,9,13,5,0,14,48.58,0,0
2019,10,6,Commercio,1,2.31,141.84,17,22,13,18,0,52.38,0,0
2019,4,21,Commercio,1,2.30,141.13,15,20,10,12,1,52.24,0,0
2019,6,8,"Alberghi, ristoranti e bar",1,2.29,140.70,24,30,18,28,0,48.15,0,0
2019,10,8,Trasporto e magazzinaggio,1,2.28,140.13,17,22,13,18,0,52.38,0,0
2019,9,5,Commercio,1,2.28,139.94,21,26,16,25,0,52.11,0,0
2019,8,16,Commercio,1,2.28,139.68,26,31,20,31,0,46.75,0,0
2019,8,17,Commercio,1,2.26,138.84,26,31,20,31,0,46.75,0,0
2019,7,13,Commercio,1,2.25,138.23,26,32,19,31,0,51.95,0,0
2019,11,6,Commercio,1,2.25,138.02,12,16,9,1,4,53.74,0,0
2019,7,6,"Alberghi, ristoranti e bar",1,2.24,137.35,26,32,19,31,0,51.95,0,0
2019,11,8,Trasporto e magazzinaggio,1,2.21,135.64,12,16,9,1,4,53.74,0,0
2019,8,6,"Alberghi, ristoranti e bar",1,2.18,133.45,26,31,20,31,0,46.75,0,0
2019,4,8,Trasporto e magazzinaggio,1,2.16,132.60,15,20,10,12,1,52.24,0,0
2019,1,17,Commercio,1,2.15,131.85,6,10,2,0,22,67.65,0,0
2019,7,17,"Alberghi, ristoranti e bar",1,2.14,131.35,26,32,19,31,0,51.95,0,0
2019,6,17,Commercio,1,2.14,131.11,24,30,18,28,0,48.15,0,0
2019,1,5,Commercio,1,2.13,130.78,6,10,2,0,22,67.65,0,0
2019,9,8,"Alberghi, ristoranti e bar",1,2.09,128.18,21,26,16,25,0,52.11,0,0
2019,8,17,"Alberghi, ristoranti e bar",1,2.08,127.63,26,31,20,31,0,46.75,0,0
2019,10,5,Commercio,1,2.07,126.86,17,22,13,18,0,52.38,0,0
2019,2,6,Commercio,1,2.07,126.80,9,14,4,0,15,59.41,0,0
2019,3,6,Commercio,1,2.06,126.65,12,18,7,8,5,52.83,0,0
2019,8,13,Commercio,1,2.06,126.34,26,31,20,31,0,46.75,0,0
2019,12,6,Trasporto e magazzinaggio,1,2.01,123.53,9,13,5,0,14,48.58,0,0
2019,8,14,Commercio,1,2.01,123.15,26,31,20,31,0,46.75,0,0
2019,5,6,Commercio,1,2.00,122.88,14,19,10,5,2,50.68,0,0
2019,7,10,Informazione e comunicazione,1,2.00,122.58,26,32,19,31,0,51.95,0,0
2019,9,17,Commercio,1,1.99,122.18,21,26,16,25,0,52.11,0,0
2019,7,14,Commercio,1,1.99,121.93,26,32,19,31,0,51.95,0,0
2019,6,16,Commercio,1,1.99,121.79,24,30,18,28,0,48.15,0,0
2019,1,13,Commercio,1,1.98,121.34,6,10,2,0,22,67.65,0,0
2019,9,16,Commercio,1,1.98,121.21,21,26,16,25,0,52.11,0,0
2019,12,5,Commercio,1,1.97,120.93,9,13,5,0,14,48.58,0,0
2019,1,6,Trasporto e magazzinaggio,1,1.97,120.62,6,10,2,0,22,67.65,0,0
2019,6,6,"Alberghi, ristoranti e bar",1,1.96,120.22,24,30,18,28,0,48.15,0,0
2019,6,13,Commercio,1,1.96,119.91,24,30,18,28,0,48.15,0,0
2019,7,6,Trasporto e magazzinaggio,1,1.95,119.64,26,32,19,31,0,51.95,0,0
2019,12,17,Commercio,1,1.95,119.41,9,13,5,0,14,48.58,0,0
2019,11,6,Trasporto e magazzinaggio,1,1.94,118.80,12,16,9,1,4,53.74,0,0
2019,12,13,Commercio,1,1.93,118.35,9,13,5,0,14,48.58,0,0
2019,9,21,"Alberghi, ristoranti e bar",1,1.92,117.61,21,26,16,25,0,52.11,0,0
2019,4,6,Commercio,1,1.91,117.22,15,20,10,12,1,52.24,0,0
2019,9,13,Commercio,1,1.91,117.07,21,26,16,25,0,52.11,0,0
2019,11,5,Commercio,1,1.91,117.03,12,16,9,1,4,53.74,0,0
2019,5,5,Commercio,1,1.90,116.76,14,19,10,5,2,50.68,0,0
2019,10,13,Commercio,1,1.90,116.45,17,22,13,18,0,52.38,0,0
2019,7,5,"Alberghi, ristoranti e bar",1,1.89,116.14,26,32,19,31,0,51.95,0,0
2019,8,10,Informazione e comunicazione,1,1.89,116.05,26,31,20,31,0,46.75,0,0
2019,3,5,Commercio,1,1.89,115.87,12,18,7,8,5,52.83,0,0
2019,8,5,"Alberghi, ristoranti e bar",1,1.89,115.61,26,31,20,31,0,46.75,0,0
2019,11,13,Commercio,1,1.88,115.11,12,16,9,1,4,53.74,0,0
2019,10,17,Commercio,1,1.88,115.08,17,22,13,18,0,52.38,0,0
2019,3,17,Commercio,1,1.85,113.40,12,18,7,8,5,52.83,0,0
2019,10,8,"Alberghi, ristoranti e bar",1,1.85,113.24,17,22,13,18,0,52.38,0,0
2019,3,6,Trasporto e magazzinaggio,1,1.84,112.91,12,18,7,8,5,52.83,0,0
2019,6,10,Informazione e comunicazione,1,1.84,112.70,24,30,18,28,0,48.15,0,0
2019,11,17,Commercio,1,1.84,112.57,12,16,9,1,4,53.74,0,0
2019,2,5,Commercio,1,1.83,112.52,9,14,4,0,15,59.41,0,0
2019,6,17,"Alberghi, ristoranti e bar",1,1.83,112.22,24,30,18,28,0,48.15,0,0
2019,2,17,Commercio,1,1.82,111.35,9,14,4,0,15,59.41,0,0
2019,4,5,Commercio,1,1.79,110.02,15,20,10,12,1,52.24,0,0
2019,8,6,Trasporto e magazzinaggio,1,1.79,109.97,26,31,20,31,0,46.75,0,0
2019,10,16,Commercio,1,1.79,109.93,17,22,13,18,0,52.38,0,0
2019,6,14,Commercio,1,1.79,109.86,24,30,18,28,0,48.15,0,0
2019,1,8,"Alberghi, ristoranti e bar",1,1.79,109.60,6,10,2,0,22,67.65,0,0
2019,5,17,Commercio,1,1.79,109.57,14,19,10,5,2,50.68,0,0
2019,5,8,"Alberghi, ristoranti e bar",1,1.77,108.75,14,19,10,5,2,50.68,0,0
2019,10,6,Trasporto e magazzinaggio,1,1.77,108.42,17,22,13,18,0,52.38,0,0
2019,3,13,Commercio,1,1.76,107.82,12,18,7,8,5,52.83,0,0
2019,1,16,Commercio,1,1.74,106.99,6,10,2,0,22,67.65,0,0
2019,9,6,Trasporto e magazzinaggio,1,1.74,106.44,21,26,16,25,0,52.11,0,0
2019,2,13,Commercio,1,1.74,106.43,9,14,4,0,15,59.41,0,0
2019,9,10,Informazione e comunicazione,1,1.73,106.41,21,26,16,25,0,52.11,0,0
2019,12,8,"Alberghi, ristoranti e bar",1,1.73,106.40,9,13,5,0,14,48.58,0,0
2019,1,10,Informazione e comunicazione,1,1.72,105.60,6,10,2,0,22,67.65,0,0
2019,4,17,Commercio,1,1.71,105.13,15,20,10,12,1,52.24,0,0
2019,9,14,Commercio,1,1.71,105.10,21,26,16,25,0,52.11,0,0
2019,2,6,Trasporto e magazzinaggio,1,1.71,104.81,9,14,4,0,15,59.41,0,0
2019,8,16,"Alberghi, ristoranti e bar",1,1.70,104.43,26,31,20,31,0,46.75,0,0
2019,3,8,"Alberghi, ristoranti e bar",1,1.70,103.97,12,18,7,8,5,52.83,0,0
2019,10,10,Informazione e comunicazione,1,1.69,103.61,17,22,13,18,0,52.38,0,0
2019,5,10,Informazione e comunicazione,1,1.69,103.54,14,19,10,5,2,50.68,0,0
2019,5,13,Commercio,1,1.69,103.53,14,19,10,5,2,50.68,0,0
2019,5,21,"Alberghi, ristoranti e bar",1,1.68,103.30,14,19,10,5,2,50.68,0,0
2019,6,6,Trasporto e magazzinaggio,1,1.67,102.58,24,30,18,28,0,48.15,0,0
2019,12,10,Informazione e comunicazione,1,1.67,102.24,9,13,5,0,14,48.58,0,0
2019,11,8,"Alberghi, ristoranti e bar",1,1.66,101.84,12,16,9,1,4,53.74,0,0
2019,4,8,"Alberghi, ristoranti e bar",1,1.66,101.65,15,20,10,12,1,52.24,0,0
2019,11,10,Informazione e comunicazione,1,1.65,101.38,12,16,9,1,4,53.74,0,0
2019,9,17,"Alberghi, ristoranti e bar",1,1.65,101.21,21,26,16,25,0,52.11,0,0
2019,6,5,"Alberghi, ristoranti e bar",1,1.65,100.96,24,30,18,28,0,48.15,0,0
2019,7,16,"Alberghi, ristoranti e bar",1,1.64,100.59,26,32,19,31,0,51.95,0,0
2019,4,13,Commercio,1,1.64,100.31,15,20,10,12,1,52.24,0,0
2019,8,14,"Alberghi, ristoranti e bar",1,1.62,99.31,26,31,20,31,0,46.75,0,0
2019,12,16,Commercio,1,1.62,99.26,9,13,5,0,14,48.58,0,0
2019,4,10,Informazione e comunicazione,1,1.59,97.57,15,20,10,12,1,52.24,0,0
2019,3,16,Commercio,1,1.59,97.52,12,18,7,8,5,52.83,0,0
2019,5,16,Commercio,1,1.59,97.28,14,19,10,5,2,50.68,0,0
2019,11,16,Commercio,1,1.58,96.90,12,16,9,1,4,53.74,0,0
2019,10,14,Commercio,1,1.57,96.55,17,22,13,18,0,52.38,0,0
2019,2,8,"Alberghi, ristoranti e bar",1,1.56,95.80,9,14,4,0,15,59.41,0,0
2019,7,10,Sanità e assistenza sociale,1,1.56,95.43,26,32,19,31,0,51.95,0,0
2019,1,14,Commercio,1,1.55,95.21,6,10,2,0,22,67.65,0,0
2019,2,10,Informazione e comunicazione,1,1.54,94.41,9,14,4,0,15,59.41,0,0
2019,9,6,"Alberghi, ristoranti e bar",1,1.54,94.36,21,26,16,25,0,52.11,0,0
2019,7,8,Altri servizi,1,1.54,94.18,26,32,19,31,0,51.95,0,0
2019,10,21,"Alberghi, ristoranti e bar",1,1.53,94.04,17,22,13,18,0,52.38,0,0
2019,9,5,"Alberghi, ristoranti e bar",1,1.53,93.66,21,26,16,25,0,52.11,0,0
2019,3,10,Informazione e comunicazione,1,1.52,93.41,12,18,7,8,5,52.83,0,0
2019,2,16,Commercio,1,1.52,93.28,9,14,4,0,15,59.41,0,0
2019,4,16,Commercio,1,1.52,92.96,15,20,10,12,1,52.24,0,0
2019,4,21,"Alberghi, ristoranti e bar",1,1.51,92.59,15,20,10,12,1,52.24,0,0
2019,7,14,"Alberghi, ristoranti e bar",1,1.49,91.61,26,32,19,31,0,51.95,0,0
2019,5,6,Trasporto e magazzinaggio,1,1.48,90.73,14,19,10,5,2,50.68,0,0
2019,12,14,Commercio,1,1.47,90.21,9,13,5,0,14,48.58,0,0
2019,4,6,Trasporto e magazzinaggio,1,1.46,89.80,15,20,10,12,1,52.24,0,0
2019,12,21,"Alberghi, ristoranti e bar",1,1.46,89.52,9,13,5,0,14,48.58,0,0
2019,11,14,Commercio,1,1.43,87.74,12,16,9,1,4,53.74,0,0
2019,3,21,"Alberghi, ristoranti e bar",1,1.42,87.29,12,18,7,8,5,52.83,0,0
2019,7,21,Altri servizi,1,1.42,86.85,26,32,19,31,0,51.95,0,0
2019,7,6,Altri servizi,1,1.41,86.40,26,32,19,31,0,51.95,0,0
2019,7,8,Informazione e comunicazione,1,1.41,86.33,26,32,19,31,0,51.95,0,0
2019,1,21,"Alberghi, ristoranti e bar",1,1.41,86.26,6,10,2,0,22,67.65,0,0
2019,5,14,Commercio,1,1.40,85.74,14,19,10,5,2,50.68,0,0
2019,8,10,Sanità e assistenza sociale,1,1.39,85.36,26,31,20,31,0,46.75,0,0
2019,3,14,Commercio,1,1.39,85.11,12,18,7,8,5,52.83,0,0
2019,5,17,"Alberghi, ristoranti e bar",1,1.38,84.91,14,19,10,5,2,50.68,0,0
2019,6,16,"Alberghi, ristoranti e bar",1,1.38,84.66,24,30,18,28,0,48.15,0,0
2019,1,8,Altri servizi,1,1.37,83.78,6,10,2,0,22,67.65,0,0
2019,6,8,Altri servizi,1,1.36,83.63,24,30,18,28,0,48.15,0,0
2019,11,21,"Alberghi, ristoranti e bar",1,1.35,82.86,12,16,9,1,4,53.74,0,0
2019,8,8,Informazione e comunicazione,1,1.35,82.55,26,31,20,31,0,46.75,0,0
2019,2,14,Commercio,1,1.35,82.53,9,14,4,0,15,59.41,0,0
2019,5,6,"Alberghi, ristoranti e bar",1,1.34,82.49,14,19,10,5,2,50.68,0,0
2019,9,16,"Alberghi, ristoranti e bar",1,1.34,82.18,21,26,16,25,0,52.11,0,0
2019,8,8,Altri servizi,1,1.33,81.83,26,31,20,31,0,46.75,0,0
2019,10,17,"Alberghi, ristoranti e bar",1,1.33,81.40,17,22,13,18,0,52.38,0,0
2019,6,10,Sanità e assistenza sociale,1,1.31,80.56,24,30,18,28,0,48.15,0,0
2019,6,21,Altri servizi,1,1.31,80.45,24,30,18,28,0,48.15,0,0
2019,4,14,Commercio,1,1.31,80.08,15,20,10,12,1,52.24,0,0
2019,7,8,"Attività professionali, scientifiche e tecniche",1,1.30,79.95,26,32,19,31,0,51.95,0,0
2019,6,6,Altri servizi,1,1.30,79.60,24,30,18,28,0,48.15,0,0
2019,8,6,Altri servizi,1,1.30,79.52,26,31,20,31,0,46.75,0,0
2019,6,14,"Alberghi, ristoranti e bar",1,1.28,78.72,24,30,18,28,0,48.15,0,0
2019,4,17,"Alberghi, ristoranti e bar",1,1.27,78.13,15,20,10,12,1,52.24,0,0
2019,6,8,Informazione e comunicazione,1,1.27,78.11,24,30,18,28,0,48.15,0,0
2019,2,21,"Alberghi, ristoranti e bar",1,1.27,77.97,9,14,4,0,15,59.41,0,0
2019,7,6,"Attività professionali, scientifiche e tecniche",1,1.26,77.55,26,32,19,31,0,51.95,0,0
2019,9,8,Altri servizi,1,1.26,77.40,21,26,16,25,0,52.11,0,0
2019,10,5,"Alberghi, ristoranti e bar",1,1.25,76.89,17,22,13,18,0,52.38,0,0
2019,4,6,"Alberghi, ristoranti e bar",1,1.25,76.89,15,20,10,12,1,52.24,0,0
2019,1,21,Altri servizi,1,1.25,76.70,6,10,2,0,22,67.65,0,0
2019,8,21,Altri servizi,1,1.25,76.64,26,31,20,31,0,46.75,0,0
2019,5,5,"Alberghi, ristoranti e bar",1,1.24,76.23,14,19,10,5,2,50.68,0,0
2019,1,13,Trasporto e magazzinaggio,1,1.24,76.07,6,10,2,0,22,67.65,0,0
2019,1,6,Altri servizi,1,1.24,75.91,6,10,2,0,22,67.65,0,0
2019,12,6,"Alberghi, ristoranti e bar",1,1.23,75.63,9,13,5,0,14,48.58,0,0
2019,9,8,Informazione e comunicazione,1,1.23,75.61,21,26,16,25,0,52.11,0,0
2019,10,6,"Alberghi, ristoranti e bar",1,1.23,75.37,17,22,13,18,0,52.38,0,0
2019,1,6,"Alberghi, ristoranti e bar",1,1.23,75.17,6,10,2,0,22,67.65,0,0
2019,12,8,Altri servizi,1,1.22,74.57,9,13,5,0,14,48.58,0,0
2019,10,8,Altri servizi,1,1.20,73.69,17,22,13,18,0,52.38,0,0
2019,1,21,Trasporto e magazzinaggio,1,1.19,73.16,6,10,2,0,22,67.65,0,0
2019,1,8,Informazione e comunicazione,1,1.19,72.91,6,10,2,0,22,67.65,0,0
2019,3,8,Altri servizi,1,1.19,72.79,12,18,7,8,5,52.83,0,0
2019,12,17,"Alberghi, ristoranti e bar",1,1.19,72.73,9,13,5,0,14,48.58,0,0
2019,1,17,"Alberghi, ristoranti e bar",1,1.18,72.32,6,10,2,0,22,67.65,0,0
2019,2,8,Altri servizi,1,1.18,72.17,9,14,4,0,15,59.41,0,0
2019,3,6,"Alberghi, ristoranti e bar",1,1.18,72.11,12,18,7,8,5,52.83,0,0
2019,11,8,Altri servizi,1,1.18,72.09,12,16,9,1,4,53.74,0,0
2019,3,17,"Alberghi, ristoranti e bar",1,1.17,71.89,12,18,7,8,5,52.83,0,0
2019,9,14,"Alberghi, ristoranti e bar",1,1.17,71.64,21,26,16,25,0,52.11,0,0
2019,10,8,Informazione e comunicazione,1,1.17,71.59,17,22,13,18,0,52.38,0,0
2019,3,8,Informazione e comunicazione,1,1.16,70.90,12,18,7,8,5,52.83,0,0
2019,11,6,"Alberghi, ristoranti e bar",1,1.15,70.65,12,16,9,1,4,53.74,0,0
2019,12,8,Informazione e comunicazione,1,1.14,69.90,9,13,5,0,14,48.58,0,0
2019,7,15,Altri servizi,1,1.14,69.66,26,32,19,31,0,51.95,0,0
2019,7,17,Altri servizi,1,1.14,69.63,26,32,19,31,0,51.95,0,0
2019,5,8,Altri servizi,1,1.13,69.50,14,19,10,5,2,50.68,0,0
2019,4,5,"Alberghi, ristoranti e bar",1,1.13,69.45,15,20,10,12,1,52.24,0,0
2019,12,21,Altri servizi,1,1.13,69.37,9,13,5,0,14,48.58,0,0
2019,6,6,"Attività professionali, scientifiche e tecniche",1,1.13,69.23,24,30,18,28,0,48.15,0,0
2019,3,21,Altri servizi,1,1.13,69.21,12,18,7,8,5,52.83,0,0
2019,5,8,Informazione e comunicazione,1,1.13,69.00,14,19,10,5,2,50.68,0,0
2019,9,6,Altri servizi,1,1.12,68.94,21,26,16,25,0,52.11,0,0
2019,11,17,"Alberghi, ristoranti e bar",1,1.12,68.94,12,16,9,1,4,53.74,0,0
2019,5,6,Altri servizi,1,1.12,68.86,14,19,10,5,2,50.68,0,0
2019,9,21,Altri servizi,1,1.11,68.36,21,26,16,25,0,52.11,0,0
2019,11,21,Altri servizi,1,1.11,68.23,12,16,9,1,4,53.74,0,0
2019,10,21,Altri servizi,1,1.11,68.17,17,22,13,18,0,52.38,0,0
2019,8,6,"Attività professionali, scientifiche e tecniche",1,1.11,68.10,26,31,20,31,0,46.75,0,0
2019,8,8,"Attività professionali, scientifiche e tecniche",1,1.11,67.91,26,31,20,31,0,46.75,0,0
2019,11,8,Informazione e comunicazione,1,1.11,67.79,12,16,9,1,4,53.74,0,0
2019,6,8,"Attività professionali, scientifiche e tecniche",1,1.10,67.61,24,30,18,28,0,48.15,0,0
2019,8,15,"Alberghi, ristoranti e bar",1,1.10,67.60,26,31,20,31,0,46.75,0,0
2019,5,21,Altri servizi,1,1.10,67.26,14,19,10,5,2,50.68,0,0
2019,4,8,Altri servizi,1,1.09,66.98,15,20,10,12,1,52.24,0,0
2019,9,10,Sanità e assistenza sociale,1,1.09,66.84,21,26,16,25,0,52.11,0,0
2019,8,15,Altri servizi,1,1.09,66.75,26,31,20,31,0,46.75,0,0
2019,3,6,Altri servizi,1,1.09,66.58,12,18,7,8,5,52.83,0,0
2019,4,8,Informazione e comunicazione,1,1.08,66.46,15,20,10,12,1,52.24,0,0
2019,12,6,Altri servizi,1,1.08,66.29,9,13,5,0,14,48.58,0,0
2019,7,15,"Alberghi, ristoranti e bar",1,1.07,65.90,26,32,19,31,0,51.95,0,0
2019,1,8,"Attività professionali, scientifiche e tecniche",1,1.07,65.90,6,10,2,0,22,67.65,0,0
2019,7,10,Immobiliare,1,1.07,65.86,26,32,19,31,0,51.95,0,0
2019,12,15,Altri servizi,1,1.07,65.53,9,13,5,0,14,48.58,0,0
2019,2,6,Altri servizi,1,1.07,65.44,9,14,4,0,15,59.41,0,0
2019,9,6,"Attività professionali, scientifiche e tecniche",1,1.07,65.44,21,26,16,25,0,52.11,0,0
2019,2,6,"Alberghi, ristoranti e bar",1,1.07,65.40,9,14,4,0,15,59.41,0,0
2019,10,16,"Alberghi, ristoranti e bar",1,1.06,64.85,17,22,13,18,0,52.38,0,0
2019,2,21,Altri servizi,1,1.05,64.66,9,14,4,0,15,59.41,0,0
2019,6,15,Altri servizi,1,1.05,64.66,24,30,18,28,0,48.15,0,0
2019,2,8,Informazione e comunicazione,1,1.05,64.60,9,14,4,0,15,59.41,0,0
2019,1,6,"Attività professionali, scientifiche e tecniche",1,1.05,64.57,6,10,2,0,22,67.65,0,0
2019,11,6,Altri servizi,1,1.05,64.53,12,16,9,1,4,53.74,0,0
2019,3,13,Trasporto e magazzinaggio,1,1.05,64.48,12,18,7,8,5,52.83,0,0
2019,7,5,Altri servizi,1,1.05,64.46,26,32,19,31,0,51.95,0,0
2019,12,5,"Alberghi, ristoranti e bar",1,1.05,64.46,9,13,5,0,14,48.58,0,0
2019,1,17,Altri servizi,1,1.05,64.15,6,10,2,0,22,67.65,0,0
2019,9,8,"Attività professionali, scientifiche e tecniche",1,1.04,63.94,21,26,16,25,0,52.11,0,0
2019,1,5,"Alberghi, ristoranti e bar",1,1.04,63.69,6,10,2,0,22,67.65,0,0
2019,2,17,"Alberghi, ristoranti e bar",1,1.03,63.45,9,14,4,0,15,59.41,0,0
2019,10,6,Altri servizi,1,1.03,63.45,17,22,13,18,0,52.38,0,0
2019,3,5,"Alberghi, ristoranti e bar",1,1.03,63.41,12,18,7,8,5,52.83,0,0
2019,4,21,Altri servizi,1,1.03,63.20,15,20,10,12,1,52.24,0,0
2019,5,16,"Alberghi, ristoranti e bar",1,1.03,63.07,14,19,10,5,2,50.68,0,0
2019,8,17,Altri servizi,1,1.03,62.92,26,31,20,31,0,46.75,0,0
2019,1,10,Sanità e assistenza sociale,1,1.02,62.83,6,10,2,0,22,67.65,0,0
2019,9,15,Altri servizi,1,1.02,62.82,21,26,16,25,0,52.11,0,0
2019,11,6,"Attività professionali, scientifiche e tecniche",1,1.02,62.49,12,16,9,1,4,53.74,0,0
2019,12,6,"Attività professionali, scientifiche e tecniche",1,1.02,62.32,9,13,5,0,14,48.58,0,0
2019,7,13,"Alberghi, ristoranti e bar",1,1.02,62.31,26,32,19,31,0,51.95,0,0
2019,2,13,Trasporto e magazzinaggio,1,1.01,62.24,9,14,4,0,15,59.41,0,0
2019,7,21,"Attività professionali, scientifiche e tecniche",1,1.01,61.98,26,32,19,31,0,51.95,0,0
2019,6,17,Altri servizi,1,1.01,61.89,24,30,18,28,0,48.15,0,0
2019,7,8,Amministrazione pubblica e difesa,1,1.01,61.75,26,32,19,31,0,51.95,0,0
2019,12,13,Trasporto e magazzinaggio,1,1.01,61.64,9,13,5,0,14,48.58,0,0
2019,11,15,Altri servizi,1,1.00,61.58,12,16,9,1,4,53.74,0,0
2019,7,5,Trasporto e magazzinaggio,1,1.00,61.25,26,32,19,31,0,51.95,0,0
2019,4,6,Altri servizi,1,1.00,61.23,15,20,10,12,1,52.24,0,0
2019,10,6,"Attività professionali, scientifiche e tecniche",1,0.99,61.01,17,22,13,18,0,52.38,0,0
2019,10,10,Sanità e assistenza sociale,1,0.99,60.88,17,22,13,18,0,52.38,0,0
2019,11,7,Trasporto e magazzinaggio,1,0.99,60.69,12,16,9,1,4,53.74,0,0
2019,12,10,Sanità e assistenza sociale,1,0.99,60.57,9,13,5,0,14,48.58,0,0
2019,11,5,"Alberghi, ristoranti e bar",1,0.99,60.47,12,16,9,1,4,53.74,0,0
2019,7,10,Finanza e assicurazione,1,0.98,60.26,26,32,19,31,0,51.95,0,0
2019,8,5,Trasporto e magazzinaggio,1,0.97,59.80,26,31,20,31,0,46.75,0,0
2019,12,8,"Attività professionali, scientifiche e tecniche",1,0.97,59.37,9,13,5,0,14,48.58,0,0
2019,3,15,Altri servizi,1,0.97,59.20,12,18,7,8,5,52.83,0,0
2019,7,15,Commercio,1,0.96,59.18,26,32,19,31,0,51.95,0,0
2019,11,13,Trasporto e magazzinaggio,1,0.96,59.09,12,16,9,1,4,53.74,0,0
2019,1,15,Altri servizi,1,0.96,59.06,6,10,2,0,22,67.65,0,0
2019,3,6,"Attività professionali, scientifiche e tecniche",1,0.96,58.93,12,18,7,8,5,52.83,0,0
2019,11,10,Sanità e assistenza sociale,1,0.95,58.57,12,16,9,1,4,53.74,0,0
2019,2,21,Trasporto e magazzinaggio,1,0.95,58.49,9,14,4,0,15,59.41,0,0
2019,1,7,Trasporto e magazzinaggio,1,0.95,58.22,6,10,2,0,22,67.65,0,0
2019,10,8,"Attività professionali, scientifiche e tecniche",1,0.94,57.80,17,22,13,18,0,52.38,0,0
2019,6,10,Immobiliare,1,0.94,57.49,24,30,18,28,0,48.15,0,0
2019,5,10,Sanità e assistenza sociale,1,0.94,57.47,14,19,10,5,2,50.68,0,0
2019,8,15,Commercio,1,0.93,57.31,26,31,20,31,0,46.75,0,0
2019,6,5,Altri servizi,1,0.93,57.16,24,30,18,28,0,48.15,0,0
2019,8,5,Altri servizi,1,0.93,57.07,26,31,20,31,0,46.75,0,0
2019,1,10,Immobiliare,1,0.93,56.89,6,10,2,0,22,67.65,0,0
2019,11,8,"Attività professionali, scientifiche e tecniche",1,0.93,56.82,12,16,9,1,4,53.74,0,0
2019,5,6,"Attività professionali, scientifiche e tecniche",1,0.93,56.81,14,19,10,5,2,50.68,0,0
2019,4,16,"Alberghi, ristoranti e bar",1,0.92,56.66,15,20,10,12,1,52.24,0,0
2019,1,5,Trasporto e magazzinaggio,1,0.92,56.66,6,10,2,0,22,67.65,0,0
2019,6,5,Trasporto e magazzinaggio,1,0.92,56.60,24,30,18,28,0,48.15,0,0
2019,2,6,"Attività professionali, scientifiche e tecniche",1,0.92,56.49,9,14,4,0,15,59.41,0,0
2019,7,13,Trasporto e magazzinaggio,1,0.92,56.45,26,32,19,31,0,51.95,0,0
2019,7,11,Commercio,1,0.92,56.35,26,32,19,31,0,51.95,0,0
2019,8,13,"Alberghi, ristoranti e bar",1,0.92,56.30,26,31,20,31,0,46.75,0,0
2019,5,13,Trasporto e magazzinaggio,1,0.92,56.15,14,19,10,5,2,50.68,0,0
2019,10,13,Trasporto e magazzinaggio,1,0.92,56.13,17,22,13,18,0,52.38,0,0
2019,3,8,"Attività professionali, scientifiche e tecniche",1,0.91,56.11,12,18,7,8,5,52.83,0,0
2019,4,13,Trasporto e magazzinaggio,1,0.91,56.11,15,20,10,12,1,52.24,0,0
2019,8,8,Amministrazione pubblica e difesa,1,0.91,56.07,26,31,20,31,0,46.75,0,0
2019,8,10,Immobiliare,1,0.91,55.91,26,31,20,31,0,46.75,0,0
2019,1,5,Altri servizi,1,0.91,55.91,6,10,2,0,22,67.65,0,0
2019,2,8,"Attività professionali, scientifiche e tecniche",1,0.91,55.69,9,14,4,0,15,59.41,0,0
2019,10,15,Altri servizi,1,0.91,55.63,17,22,13,18,0,52.38,0,0
2019,2,5,"Alberghi, ristoranti e bar",1,0.91,55.58,9,14,4,0,15,59.41,0,0
2019,12,7,Trasporto e magazzinaggio,1,0.90,55.26,9,13,5,0,14,48.58,0,0
2019,5,14,"Alberghi, ristoranti e bar",1,0.90,55.21,14,19,10,5,2,50.68,0,0
2019,2,15,Altri servizi,1,0.90,55.20,9,14,4,0,15,59.41,0,0
2019,5,5,Trasporto e magazzinaggio,1,0.90,55.20,14,19,10,5,2,50.68,0,0
2019,9,17,Altri servizi,1,0.90,55.12,21,26,16,25,0,52.11,0,0
2019,4,10,Sanità e assistenza sociale,1,0.90,55.05,15,20,10,12,1,52.24,0,0
2019,2,10,Sanità e assistenza sociale,1,0.90,55.01,9,14,4,0,15,59.41,0,0
2019,5,8,"Attività professionali, scientifiche e tecniche",1,0.90,55.00,14,19,10,5,2,50.68,0,0
2019,6,13,"Alberghi, ristoranti e bar",1,0.90,54.93,24,30,18,28,0,48.15,0,0
2019,6,13,Trasporto e magazzinaggio,1,0.89,54.84,24,30,18,28,0,48.15,0,0
2019,12,17,Altri servizi,1,0.89,54.81,9,13,5,0,14,48.58,0,0
2019,4,6,"Attività professionali, scientifiche e tecniche",1,0.89,54.72,15,20,10,12,1,52.24,0,0
2019,3,21,Trasporto e magazzinaggio,1,0.89,54.64,12,18,7,8,5,52.83,0,0
2019,7,5,"Attività professionali, scientifiche e tecniche",1,0.89,54.31,26,32,19,31,0,51.95,0,0
2019,3,5,Trasporto e magazzinaggio,1,0.89,54.28,12,18,7,8,5,52.83,0,0
2019,6,21,"Attività professionali, scientifiche e tecniche",1,0.88,54.15,24,30,18,28,0,48.15,0,0
2019,3,10,Sanità e assistenza sociale,1,0.88,54.10,12,18,7,8,5,52.83,0,0
2019,1,8,Amministrazione pubblica e difesa,1,0.88,54.02,6,10,2,0,22,67.65,0,0
2019,8,11,Commercio,1,0.88,53.91,26,31,20,31,0,46.75,0,0
2019,8,21,Trasporto e magazzinaggio,1,0.88,53.85,26,31,20,31,0,46.75,0,0
2019,8,13,Trasporto e magazzinaggio,1,0.88,53.78,26,31,20,31,0,46.75,0,0
2019,8,10,Finanza e assicurazione,1,0.87,53.59,26,31,20,31,0,46.75,0,0
2019,3,17,Altri servizi,1,0.87,53.34,12,18,7,8,5,52.83,0,0
2019,9,5,Trasporto e magazzinaggio,1,0.87,53.22,21,26,16,25,0,52.11,0,0
2019,9,13,Trasporto e magazzinaggio,1,0.87,53.13,21,26,16,25,0,52.11,0,0
2019,10,14,"Alberghi, ristoranti e bar",1,0.87,53.13,17,22,13,18,0,52.38,0,0
2019,8,4,Commercio,1,0.87,53.08,26,31,20,31,0,46.75,0,0
2019,8,21,"Attività professionali, scientifiche e tecniche",1,0.86,53.01,26,31,20,31,0,46.75,0,0
2019,7,8,Sanità e assistenza sociale,1,0.86,52.91,26,32,19,31,0,51.95,0,0
2019,2,17,Altri servizi,1,0.86,52.90,9,14,4,0,15,59.41,0,0
2019,8,16,Trasporto e magazzinaggio,1,0.86,52.81,26,31,20,31,0,46.75,0,0
2019,9,5,Altri servizi,1,0.86,52.70,21,26,16,25,0,52.11,0,0
2019,12,21,"Attività professionali, scientifiche e tecniche",1,0.86,52.52,9,13,5,0,14,48.58,0,0
2019,7,4,Commercio,1,0.86,52.47,26,32,19,31,0,51.95,0,0
2019,12,16,"Alberghi, ristoranti e bar",1,0.85,52.37,9,13,5,0,14,48.58,0,0
2019,5,15,Altri servizi,1,0.85,52.29,14,19,10,5,2,50.68,0,0
2019,7,7,Trasporto e magazzinaggio,1,0.85,52.25,26,32,19,31,0,51.95,0,0
2019,3,16,"Alberghi, ristoranti e bar",1,0.85,52.15,12,18,7,8,5,52.83,0,0
2019,4,8,"Attività professionali, scientifiche e tecniche",1,0.85,52.13,15,20,10,12,1,52.24,0,0
2019,7,9,Commercio,1,0.85,51.96,26,32,19,31,0,51.95,0,0
2019,7,16,Trasporto e magazzinaggio,1,0.85,51.85,26,32,19,31,0,51.95,0,0
2019,12,10,Immobiliare,1,0.84,51.63,9,13,5,0,14,48.58,0,0
2019,11,17,Altri servizi,1,0.84,51.58,12,16,9,1,4,53.74,0,0
2019,1,10,Amministrazione pubblica e difesa,1,0.84,51.48,6,10,2,0,22,67.65,0,0
2019,9,21,Trasporto e magazzinaggio,1,0.84,51.47,21,26,16,25,0,52.11,0,0
2019,1,21,"Attività professionali, scientifiche e tecniche",1,0.84,51.47,6,10,2,0,22,67.65,0,0
2019,8,7,Trasporto e magazzinaggio,1,0.84,51.43,26,31,20,31,0,46.75,0,0
2019,5,17,Altri servizi,1,0.84,51.42,14,19,10,5,2,50.68,0,0
2019,8,4,"Alberghi, ristoranti e bar",1,0.84,51.31,26,31,20,31,0,46.75,0,0
2019,6,8,Amministrazione pubblica e difesa,1,0.84,51.31,24,30,18,28,0,48.15,0,0
2019,9,15,"Alberghi, ristoranti e bar",1,0.84,51.29,21,26,16,25,0,52.11,0,0
2019,6,15,"Alberghi, ristoranti e bar",1,0.83,51.17,24,30,18,28,0,48.15,0,0
2019,4,5,Trasporto e magazzinaggio,1,0.83,51.10,15,20,10,12,1,52.24,0,0
2019,6,10,Finanza e assicurazione,1,0.83,51.08,24,30,18,28,0,48.15,0,0
2019,10,17,Altri servizi,1,0.83,51.04,17,22,13,18,0,52.38,0,0
2019,1,16,"Alberghi, ristoranti e bar",1,0.83,50.88,6,10,2,0,22,67.65,0,0
2019,3,10,Immobiliare,1,0.83,50.63,12,18,7,8,5,52.83,0,0
2019,7,17,"Attività professionali, scientifiche e tecniche",1,0.82,50.10,26,32,19,31,0,51.95,0,0
2019,6,11,Commercio,1,0.82,50.09,24,30,18,28,0,48.15,0,0
2019,1,11,Commercio,1,0.82,50.02,6,10,2,0,22,67.65,0,0
2019,11,16,"Alberghi, ristoranti e bar",1,0.81,49.60,12,16,9,1,4,53.74,0,0
2019,9,8,Amministrazione pubblica e difesa,1,0.81,49.47,21,26,16,25,0,52.11,0,0
2019,9,21,"Attività professionali, scientifiche e tecniche",1,0.81,49.44,21,26,16,25,0,52.11,0,0
2019,4,17,Altri servizi,1,0.81,49.41,15,20,10,12,1,52.24,0,0
2019,7,16,Altri servizi,1,0.81,49.38,26,32,19,31,0,51.95,0,0
2019,11,21,"Attività professionali, scientifiche e tecniche",1,0.80,49.22,12,16,9,1,4,53.74,0,0
2019,7,13,Altri servizi,1,0.80,49.16,26,32,19,31,0,51.95,0,0
2019,8,9,Commercio,1,0.80,49.07,26,31,20,31,0,46.75,0,0
2019,3,5,Altri servizi,1,0.80,49.00,12,18,7,8,5,52.83,0,0
2019,9,13,"Alberghi, ristoranti e bar",1,0.80,48.98,21,26,16,25,0,52.11,0,0
2019,7,10,Amministrazione pubblica e difesa,1,0.80,48.96,26,32,19,31,0,51.95,0,0
2019,6,15,Commercio,1,0.80,48.87,24,30,18,28,0,48.15,0,0
2019,12,10,Amministrazione pubblica e difesa,1,0.80,48.83,9,13,5,0,14,48.58,0,0
2019,1,10,Finanza e assicurazione,1,0.79,48.75,6,10,2,0,22,67.65,0,0
2019,9,10,Immobiliare,1,0.79,48.64,21,26,16,25,0,52.11,0,0
2019,5,5,Altri servizi,1,0.79,48.58,14,19,10,5,2,50.68,0,0
2019,9,15,Commercio,1,0.79,48.56,21,26,16,25,0,52.11,0,0
2019,4,14,"Alberghi, ristoranti e bar",1,0.79,48.52,15,20,10,12,1,52.24,0,0
2019,10,5,Trasporto e magazzinaggio,1,0.79,48.52,17,22,13,18,0,52.38,0,0
2019,10,21,"Attività professionali, scientifiche e tecniche",1,0.79,48.38,17,22,13,18,0,52.38,0,0
2019,8,8,Sanità e assistenza sociale,1,0.79,48.32,26,31,20,31,0,46.75,0,0
2019,2,10,Immobiliare,1,0.79,48.28,9,14,4,0,15,59.41,0,0
2019,2,5,Altri servizi,1,0.79,48.22,9,14,4,0,15,59.41,0,0
2019,4,21,Trasporto e magazzinaggio,1,0.79,48.19,15,20,10,12,1,52.24,0,0
2019,8,16,Altri servizi,1,0.79,48.18,26,31,20,31,0,46.75,0,0
2019,12,14,"Alberghi, ristoranti e bar",1,0.78,47.77,9,13,5,0,14,48.58,0,0
2019,11,10,Immobiliare,1,0.78,47.75,12,16,9,1,4,53.74,0,0
2019,10,5,Altri servizi,1,0.78,47.71,17,22,13,18,0,52.38,0,0
2019,7,9,"Alberghi, ristoranti e bar",1,0.78,47.70,26,32,19,31,0,51.95,0,0
2019,8,5,"Attività professionali, scientifiche e tecniche",1,0.78,47.67,26,31,20,31,0,46.75,0,0
2019,4,15,Altri servizi,1,0.78,47.55,15,20,10,12,1,52.24,0,0
2019,8,9,"Alberghi, ristoranti e bar",1,0.77,47.41,26,31,20,31,0,46.75,0,0
2019,2,5,Trasporto e magazzinaggio,1,0.77,47.34,9,14,4,0,15,59.41,0,0
2019,1,13,Altri servizi,1,0.77,47.17,6,10,2,0,22,67.65,0,0
2019,6,21,Trasporto e magazzinaggio,1,0.77,47.10,24,30,18,28,0,48.15,0,0
2019,5,21,Trasporto e magazzinaggio,1,0.77,47.09,14,19,10,5,2,50.68,0,0
2019,1,17,"Attività professionali, scientifiche e tecniche",1,0.77,47.02,6,10,2,0,22,67.65,0,0
2019,12,13,"Alberghi, ristoranti e bar",1,0.77,46.96,9,13,5,0,14,48.58,0,0
2019,11,10,Amministrazione pubblica e difesa,1,0.77,46.94,12,16,9,1,4,53.74,0,0
2019,9,5,"Attività professionali, scientifiche e tecniche",1,0.76,46.69,21,26,16,25,0,52.11,0,0
2019,12,5,Altri servizi,1,0.76,46.63,9,13,5,0,14,48.58,0,0
2019,12,5,Trasporto e magazzinaggio,1,0.75,46.24,9,13,5,0,14,48.58,0,0
2019,1,14,"Alberghi, ristoranti e bar",1,0.75,46.19,6,10,2,0,22,67.65,0,0
2019,5,13,"Alberghi, ristoranti e bar",1,0.75,46.12,14,19,10,5,2,50.68,0,0
2019,3,14,"Alberghi, ristoranti e bar",1,0.75,46.10,12,18,7,8,5,52.83,0,0
2019,9,10,Finanza e assicurazione,1,0.75,46.09,21,26,16,25,0,52.11,0,0
2019,8,9,Trasporto e magazzinaggio,1,0.75,46.01,26,31,20,31,0,46.75,0,0
2019,12,8,Amministrazione pubblica e difesa,1,0.75,46.00,9,13,5,0,14,48.58,0,0
2019,7,14,Altri servizi,1,0.75,45.99,26,32,19,31,0,51.95,0,0
2019,12,5,"Attività professionali, scientifiche e tecniche",1,0.75,45.99,9,13,5,0,14,48.58,0,0
2019,9,11,Commercio,1,0.75,45.81,21,26,16,25,0,52.11,0,0
2019,10,13,"Alberghi, ristoranti e bar",1,0.74,45.67,17,22,13,18,0,52.38,0,0
2019,2,8,Amministrazione pubblica e difesa,1,0.74,45.66,9,14,4,0,15,59.41,0,0
2019,3,8,Amministrazione pubblica e difesa,1,0.74,45.59,12,18,7,8,5,52.83,0,0
2019,7,4,"Alberghi, ristoranti e bar",1,0.74,45.47,26,32,19,31,0,51.95,0,0
2019,6,16,Trasporto e magazzinaggio,1,0.74,45.46,24,30,18,28,0,48.15,0,0
2019,12,11,Commercio,1,0.74,45.42,9,13,5,0,14,48.58,0,0
2019,7,9,Trasporto e magazzinaggio,1,0.74,45.42,26,32,19,31,0,51.95,0,0
2019,10,7,Trasporto e magazzinaggio,1,0.74,45.34,17,22,13,18,0,52.38,0,0
2019,2,16,"Alberghi, ristoranti e bar",1,0.74,45.25,9,14,4,0,15,59.41,0,0
2019,9,7,Trasporto e magazzinaggio,1,0.74,45.24,21,26,16,25,0,52.11,0,0
2019,4,5,Altri servizi,1,0.74,45.24,15,20,10,12,1,52.24,0,0
2019,6,8,Sanità e assistenza sociale,1,0.73,45.02,24,30,18,28,0,48.15,0,0
2019,3,13,"Alberghi, ristoranti e bar",1,0.73,44.94,12,18,7,8,5,52.83,0,0
2019,6,4,Commercio,1,0.73,44.74,24,30,18,28,0,48.15,0,0
2019,1,13,"Alberghi, ristoranti e bar",1,0.73,44.71,6,10,2,0,22,67.65,0,0
2019,11,5,Trasporto e magazzinaggio,1,0.73,44.70,12,16,9,1,4,53.74,0,0
2019,10,10,Immobiliare,1,0.73,44.58,17,22,13,18,0,52.38,0,0
2019,1,5,"Attività professionali, scientifiche e tecniche",1,0.73,44.57,6,10,2,0,22,67.65,0,0
2019,11,5,Altri servizi,1,0.72,44.43,12,16,9,1,4,53.74,0,0
2019,7,21,Trasporto e magazzinaggio,1,0.72,44.34,26,32,19,31,0,51.95,0,0
2019,10,9,Trasporto e magazzinaggio,1,0.72,44.27,17,22,13,18,0,52.38,0,0
2019,9,16,Trasporto e magazzinaggio,1,0.72,44.19,21,26,16,25,0,52.11,0,0
2019,12,10,Finanza e assicurazione,1,0.72,44.11,9,13,5,0,14,48.58,0,0
2019,10,11,Commercio,1,0.72,44.07,17,22,13,18,0,52.38,0,0
2019,9,9,Trasporto e magazzinaggio,1,0.72,43.98,21,26,16,25,0,52.11,0,0
2019,2,10,Amministrazione pubblica e difesa,1,0.72,43.97,9,14,4,0,15,59.41,0,0
2019,8,14,Altri servizi,1,0.72,43.96,26,31,20,31,0,46.75,0,0
2019,6,9,Commercio,1,0.72,43.90,24,30,18,28,0,48.15,0,0
2019,11,14,"Alberghi, ristoranti e bar",1,0.71,43.83,12,16,9,1,4,53.74,0,0
2019,12,9,Trasporto e magazzinaggio,1,0.71,43.83,9,13,5,0,14,48.58,0,0
2019,6,13,Altri servizi,1,0.71,43.81,24,30,18,28,0,48.15,0,0
2019,10,5,"Attività professionali, scientifiche e tecniche",1,0.71,43.79,17,22,13,18,0,52.38,0,0
2019,8,10,Amministrazione pubblica e difesa,1,0.71,43.73,26,31,20,31,0,46.75,0,0
2019,1,15,Commercio,1,0.71,43.68,6,10,2,0,22,67.65,0,0
2019,8,17,"Attività professionali, scientifiche e tecniche",1,0.71,43.64,26,31,20,31,0,46.75,0,0
2019,12,16,Trasporto e magazzinaggio,1,0.71,43.61,9,13,5,0,14,48.58,0,0
2019,10,8,Amministrazione pubblica e difesa,1,0.71,43.57,17,22,13,18,0,52.38,0,0
2019,4,13,"Alberghi, ristoranti e bar",1,0.71,43.55,15,20,10,12,1,52.24,0,0
2019,6,7,Trasporto e magazzinaggio,1,0.71,43.51,24,30,18,28,0,48.15,0,0
2019,10,15,Commercio,1,0.71,43.50,17,22,13,18,0,52.38,0,0
2019,10,16,Trasporto e magazzinaggio,1,0.71,43.49,17,22,13,18,0,52.38,0,0
2019,7,1,Commercio,1,0.71,43.41,26,32,19,31,0,51.95,0,0
2019,11,5,"Attività professionali, scientifiche e tecniche",1,0.71,43.40,12,16,9,1,4,53.74,0,0
2019,11,13,"Alberghi, ristoranti e bar",1,0.71,43.33,12,16,9,1,4,53.74,0,0
2019,10,10,Amministrazione pubblica e difesa,1,0.71,43.33,17,22,13,18,0,52.38,0,0
2019,11,8,Amministrazione pubblica e difesa,1,0.71,43.33,12,16,9,1,4,53.74,0,0
2019,3,9,Trasporto e magazzinaggio,1,0.71,43.31,12,18,7,8,5,52.83,0,0
2019,5,9,Trasporto e magazzinaggio,1,0.70,43.24,14,19,10,5,2,50.68,0,0
2019,8,11,"Alberghi, ristoranti e bar",1,0.70,43.22,26,31,20,31,0,46.75,0,0
2019,2,21,"Attività professionali, scientifiche e tecniche",1,0.70,43.21,9,14,4,0,15,59.41,0,0
2019,6,9,Trasporto e magazzinaggio,1,0.70,43.18,24,30,18,28,0,48.15,0,0
2019,1,9,Trasporto e magazzinaggio,1,0.70,43.17,6,10,2,0,22,67.65,0,0
2019,3,21,"Attività professionali, scientifiche e tecniche",1,0.70,43.15,12,18,7,8,5,52.83,0,0
2019,9,4,Commercio,1,0.70,43.05,21,26,16,25,0,52.11,0,0
2019,12,21,Trasporto e magazzinaggio,1,0.70,42.98,9,13,5,0,14,48.58,0,0
2019,6,5,"Attività professionali, scientifiche e tecniche",1,0.70,42.94,24,30,18,28,0,48.15,0,0
2019,5,16,Trasporto e magazzinaggio,1,0.70,42.89,14,19,10,5,2,50.68,0,0
2019,8,1,Commercio,1,0.70,42.84,26,31,20,31,0,46.75,0,0
2019,12,13,Altri servizi,1,0.70,42.83,9,13,5,0,14,48.58,0,0
2019,7,16,"Attività professionali, scientifiche e tecniche",1,0.70,42.75,26,32,19,31,0,51.95,0,0
2019,5,10,Immobiliare,1,0.70,42.74,14,19,10,5,2,50.68,0,0
2019,2,11,Commercio,1,0.70,42.71,9,14,4,0,15,59.41,0,0
2019,1,9,Commercio,1,0.70,42.68,6,10,2,0,22,67.65,0,0
2019,3,11,Commercio,1,0.69,42.62,12,18,7,8,5,52.83,0,0
2019,11,13,Altri servizi,1,0.69,42.58,12,16,9,1,4,53.74,0,0
2019,12,17,"Attività professionali, scientifiche e tecniche",1,0.69,42.52,9,13,5,0,14,48.58,0,0
2019,11,11,Commercio,1,0.69,42.43,12,16,9,1,4,53.74,0,0
2019,6,10,Amministrazione pubblica e difesa,1,0.69,42.40,24,30,18,28,0,48.15,0,0
2019,9,9,Commercio,1,0.69,42.34,21,26,16,25,0,52.11,0,0
2019,10,10,Finanza e assicurazione,1,0.69,42.32,17,22,13,18,0,52.38,0,0
2019,5,21,"Attività professionali, scientifiche e tecniche",1,0.69,42.31,14,19,10,5,2,50.68,0,0
2019,7,8,Immobiliare,1,0.69,42.23,26,32,19,31,0,51.95,0,0
2019,1,14,Altri servizi,1,0.69,42.23,6,10,2,0,22,67.65,0,0
2019,2,10,Finanza e assicurazione,1,0.69,42.21,9,14,4,0,15,59.41,0,0
2019,6,14,Altri servizi,1,0.68,41.98,24,30,18,28,0,48.15,0,0
2019,1,8,Sanità e assistenza sociale,1,0.68,41.94,6,10,2,0,22,67.65,0,0
2019,11,10,Finanza e assicurazione,1,0.68,41.89,12,16,9,1,4,53.74,0,0
2019,6,17,"Attività professionali, scientifiche e tecniche",1,0.68,41.88,24,30,18,28,0,48.15,0,0
2019,7,11,"Alberghi, ristoranti e bar",1,0.68,41.77,26,32,19,31,0,51.95,0,0
2019,9,8,Sanità e assistenza sociale,1,0.68,41.76,21,26,16,25,0,52.11,0,0
2019,3,13,Altri servizi,1,0.68,41.71,12,18,7,8,5,52.83,0,0
2019,4,10,Immobiliare,1,0.68,41.69,15,20,10,12,1,52.24,0,0
2019,2,13,Altri servizi,1,0.68,41.65,9,14,4,0,15,59.41,0,0
2019,5,11,Commercio,1,0.68,41.61,14,19,10,5,2,50.68,0,0
2019,8,16,"Attività professionali, scientifiche e tecniche",1,0.68,41.49,26,31,20,31,0,46.75,0,0
2019,6,16,Altri servizi,1,0.67,41.37,24,30,18,28,0,48.15,0,0
2019,11,16,Trasporto e magazzinaggio,1,0.67,41.37,12,16,9,1,4,53.74,0,0
2019,8,13,Altri servizi,1,0.67,41.33,26,31,20,31,0,46.75,0,0
2019,10,13,Altri servizi,1,0.67,41.26,17,22,13,18,0,52.38,0,0
2019,9,17,"Attività professionali, scientifiche e tecniche",1,0.67,41.18,21,26,16,25,0,52.11,0,0
2019,9,16,Altri servizi,1,0.67,41.15,21,26,16,25,0,52.11,0,0
2019,2,14,"Alberghi, ristoranti e bar",1,0.67,41.07,9,14,4,0,15,59.41,0,0
2019,1,4,Commercio,1,0.67,41.02,6,10,2,0,22,67.65,0,0
2019,9,10,Amministrazione pubblica e difesa,1,0.67,40.94,21,26,16,25,0,52.11,0,0
2019,12,15,Commercio,1,0.67,40.87,9,13,5,0,14,48.58,0,0
2019,7,17,Sanità e assistenza sociale,1,0.67,40.86,26,32,19,31,0,51.95,0,0
2019,5,8,Amministrazione pubblica e difesa,1,0.67,40.85,14,19,10,5,2,50.68,0,0
2019,11,9,Trasporto e magazzinaggio,1,0.67,40.82,12,16,9,1,4,53.74,0,0
2019,2,13,"Alberghi, ristoranti e bar",1,0.67,40.81,9,14,4,0,15,59.41,0,0
2019,7,16,Amministrazione pubblica e difesa,1,0.66,40.74,26,32,19,31,0,51.95,0,0
2019,12,9,Commercio,1,0.66,40.36,9,13,5,0,14,48.58,0,0
2019,3,17,Trasporto e magazzinaggio,1,0.66,40.32,12,18,7,8,5,52.83,0,0
2019,11,17,"Attività professionali, scientifiche e tecniche",1,0.65,40.14,12,16,9,1,4,53.74,0,0
2019,9,13,Altri servizi,1,0.65,40.12,21,26,16,25,0,52.11,0,0
2019,4,8,Amministrazione pubblica e difesa,1,0.65,40.11,15,20,10,12,1,52.24,0,0
2019,1,10,Istruzione,1,0.65,39.95,6,10,2,0,22,67.65,0,0
2019,10,9,Commercio,1,0.65,39.89,17,22,13,18,0,52.38,0,0
2019,1,16,Amministrazione pubblica e difesa,1,0.65,39.76,6,10,2,0,22,67.65,0,0
2019,5,10,Finanza e assicurazione,1,0.65,39.75,14,19,10,5,2,50.68,0,0
2019,5,15,Commercio,1,0.65,39.70,14,19,10,5,2,50.68,0,0
2019,4,21,"Attività professionali, scientifiche e tecniche",1,0.65,39.68,15,20,10,12,1,52.24,0,0
2019,12,17,Trasporto e magazzinaggio,1,0.65,39.65,9,13,5,0,14,48.58,0,0
2019,4,11,Commercio,1,0.65,39.63,15,20,10,12,1,52.24,0,0
2019,5,13,Altri servizi,1,0.65,39.62,14,19,10,5,2,50.68,0,0
2019,7,7,Commercio,1,0.65,39.56,26,32,19,31,0,51.95,0,0
2019,1,16,Altri servizi,1,0.64,39.55,6,10,2,0,22,67.65,0,0
2019,1,17,Trasporto e magazzinaggio,1,0.64,39.49,6,10,2,0,22,67.65,0,0
2019,5,10,Amministrazione pubblica e difesa,1,0.64,39.48,14,19,10,5,2,50.68,0,0
2019,5,7,Trasporto e magazzinaggio,1,0.64,39.47,14,19,10,5,2,50.68,0,0
2019,8,16,Amministrazione pubblica e difesa,1,0.64,39.46,26,31,20,31,0,46.75,0,0
2019,4,9,Trasporto e magazzinaggio,1,0.64,39.33,15,20,10,12,1,52.24,0,0
2019,11,15,Commercio,1,0.64,39.33,12,16,9,1,4,53.74,0,0
2019,6,9,"Alberghi, ristoranti e bar",1,0.64,39.32,24,30,18,28,0,48.15,0,0
2019,10,17,"Attività professionali, scientifiche e tecniche",1,0.64,39.24,17,22,13,18,0,52.38,0,0
2019,9,14,Altri servizi,1,0.64,39.23,21,26,16,25,0,52.11,0,0
2019,3,16,Trasporto e magazzinaggio,1,0.64,39.20,12,18,7,8,5,52.83,0,0
2019,2,7,Trasporto e magazzinaggio,1,0.64,39.12,9,14,4,0,15,59.41,0,0
2019,2,9,Trasporto e magazzinaggio,1,0.64,39.09,9,14,4,0,15,59.41,0,0
2019,10,8,Sanità e assistenza sociale,1,0.64,39.09,17,22,13,18,0,52.38,0,0
2019,3,15,Commercio,1,0.64,39.05,12,18,7,8,5,52.83,0,0
2019,3,9,Commercio,1,0.63,38.85,12,18,7,8,5,52.83,0,0
2019,6,1,Commercio,1,0.63,38.83,24,30,18,28,0,48.15,0,0
2019,4,10,Amministrazione pubblica e difesa,1,0.63,38.80,15,20,10,12,1,52.24,0,0
2019,10,4,Commercio,1,0.63,38.71,17,22,13,18,0,52.38,0,0
2019,4,10,Finanza e assicurazione,1,0.63,38.64,15,20,10,12,1,52.24,0,0
2019,2,17,"Attività professionali, scientifiche e tecniche",1,0.63,38.57,9,14,4,0,15,59.41,0,0
2019,2,5,"Attività professionali, scientifiche e tecniche",1,0.63,38.54,9,14,4,0,15,59.41,0,0
2019,3,7,Trasporto e magazzinaggio,1,0.63,38.42,12,18,7,8,5,52.83,0,0
2019,4,13,Altri servizi,1,0.63,38.37,15,20,10,12,1,52.24,0,0
2019,8,8,Immobiliare,1,0.63,38.36,26,31,20,31,0,46.75,0,0
2019,7,8,Finanza e assicurazione,1,0.62,38.32,26,32,19,31,0,51.95,0,0
2019,9,16,"Attività professionali, scientifiche e tecniche",1,0.62,38.31,21,26,16,25,0,52.11,0,0
2019,11,9,Commercio,1,0.62,38.29,12,16,9,1,4,53.74,0,0
2019,1,1,Commercio,1,0.62,38.29,6,10,2,0,22,67.65,0,0
2019,5,9,Commercio,1,0.62,38.23,14,19,10,5,2,50.68,0,0
2019,3,5,"Attività professionali, scientifiche e tecniche",1,0.62,38.12,12,18,7,8,5,52.83,0,0
2019,8,7,Commercio,1,0.62,37.96,26,31,20,31,0,46.75,0,0
2019,12,4,Commercio,1,0.62,37.84,9,13,5,0,14,48.58,0,0
2019,2,15,Commercio,1,0.62,37.76,9,14,4,0,15,59.41,0,0
2019,4,7,Trasporto e magazzinaggio,1,0.62,37.74,15,20,10,12,1,52.24,0,0
2019,3,17,"Attività professionali, scientifiche e tecniche",1,0.61,37.69,12,18,7,8,5,52.83,0,0
2019,7,16,Sanità e assistenza sociale,1,0.61,37.58,26,32,19,31,0,51.95,0,0
2019,2,9,Commercio,1,0.61,37.43,9,14,4,0,15,59.41,0,0
2019,9,9,"Alberghi, ristoranti e bar",1,0.61,37.30,21,26,16,25,0,52.11,0,0
2019,4,15,Commercio,1,0.61,37.24,15,20,10,12,1,52.24,0,0
2019,1,16,Trasporto e magazzinaggio,1,0.61,37.23,6,10,2,0,22,67.65,0,0
2019,12,8,Sanità e assistenza sociale,1,0.61,37.17,9,13,5,0,14,48.58,0,0
2019,11,17,Trasporto e magazzinaggio,1,0.60,36.94,12,16,9,1,4,53.74,0,0
2019,4,9,Commercio,1,0.60,36.91,15,20,10,12,1,52.24,0,0
2019,11,10,Istruzione,1,0.60,36.85,12,16,9,1,4,53.74,0,0
2019,8,17,Sanità e assistenza sociale,1,0.60,36.81,26,31,20,31,0,46.75,0,0
2019,6,7,Commercio,1,0.60,36.81,24,30,18,28,0,48.15,0,0
2019,3,8,Sanità e assistenza sociale,1,0.60,36.74,12,18,7,8,5,52.83,0,0
2019,10,21,Trasporto e magazzinaggio,1,0.60,36.70,17,22,13,18,0,52.38,0,0
2019,5,15,"Alberghi, ristoranti e bar",1,0.59,36.46,14,19,10,5,2,50.68,0,0
2019,5,5,"Attività professionali, scientifiche e tecniche",1,0.59,36.24,14,19,10,5,2,50.68,0,0
2019,2,14,Altri servizi,1,0.59,36.18,9,14,4,0,15,59.41,0,0
2019,11,8,Sanità e assistenza sociale,1,0.59,36.16,12,16,9,1,4,53.74,0,0
2019,5,8,Sanità e assistenza sociale,1,0.59,36.15,14,19,10,5,2,50.68,0,0
2019,3,14,Altri servizi,1,0.59,36.14,12,18,7,8,5,52.83,0,0
2019,3,10,Finanza e assicurazione,1,0.59,36.10,12,18,7,8,5,52.83,0,0
2019,10,14,Altri servizi,1,0.59,36.05,17,22,13,18,0,52.38,0,0
2019,9,1,Commercio,1,0.59,36.02,21,26,16,25,0,52.11,0,0
2019,12,14,Altri servizi,1,0.59,36.00,9,13,5,0,14,48.58,0,0
2019,8,16,Sanità e assistenza sociale,1,0.58,35.87,26,31,20,31,0,46.75,0,0
2019,10,16,Altri servizi,1,0.58,35.83,17,22,13,18,0,52.38,0,0
2019,12,10,Istruzione,1,0.58,35.83,9,13,5,0,14,48.58,0,0
2019,6,11,"Alberghi, ristoranti e bar",1,0.58,35.78,24,30,18,28,0,48.15,0,0
2019,6,8,Immobiliare,1,0.58,35.76,24,30,18,28,0,48.15,0,0
2019,2,8,Sanità e assistenza sociale,1,0.58,35.55,9,14,4,0,15,59.41,0,0
2019,11,4,Commercio,1,0.58,35.53,12,16,9,1,4,53.74,0,0
2019,1,7,Commercio,1,0.58,35.42,6,10,2,0,22,67.65,0,0
2019,8,1,"Alberghi, ristoranti e bar",1,0.58,35.38,26,31,20,31,0,46.75,0,0
2019,5,17,"Attività professionali, scientifiche e tecniche",1,0.58,35.29,14,19,10,5,2,50.68,0,0
2019,10,16,"Attività professionali, scientifiche e tecniche",1,0.57,35.24,17,22,13,18,0,52.38,0,0
2019,12,1,Commercio,1,0.57,35.03,9,13,5,0,14,48.58,0,0
2019,6,16,"Attività professionali, scientifiche e tecniche",1,0.57,35.02,24,30,18,28,0,48.15,0,0
2019,6,4,"Alberghi, ristoranti e bar",1,0.57,35.00,24,30,18,28,0,48.15,0,0
2019,2,10,Istruzione,1,0.57,34.94,9,14,4,0,15,59.41,0,0
2019,5,4,Commercio,1,0.57,34.86,14,19,10,5,2,50.68,0,0
2019,8,14,Trasporto e magazzinaggio,1,0.57,34.85,26,31,20,31,0,46.75,0,0
2019,9,16,Amministrazione pubblica e difesa,1,0.57,34.83,21,26,16,25,0,52.11,0,0
2019,3,4,Commercio,1,0.57,34.81,12,18,7,8,5,52.83,0,0
2019,2,4,Commercio,1,0.57,34.80,9,14,4,0,15,59.41,0,0
2019,3,10,Amministrazione pubblica e difesa,1,0.57,34.73,12,18,7,8,5,52.83,0,0
2019,3,16,Altri servizi,1,0.57,34.71,12,18,7,8,5,52.83,0,0
2019,6,17,Sanità e assistenza sociale,1,0.57,34.70,24,30,18,28,0,48.15,0,0
2019,2,17,Trasporto e magazzinaggio,1,0.56,34.62,9,14,4,0,15,59.41,0,0
2019,5,14,Altri servizi,1,0.56,34.45,14,19,10,5,2,50.68,0,0
2019,4,16,Trasporto e magazzinaggio,1,0.56,34.39,15,20,10,12,1,52.24,0,0
2019,7,6,Sanità e assistenza sociale,1,0.56,34.26,26,32,19,31,0,51.95,0,0
2019,1,8,Immobiliare,1,0.56,34.24,6,10,2,0,22,67.65,0,0
2019,4,5,"Attività professionali, scientifiche e tecniche",1,0.56,34.23,15,20,10,12,1,52.24,0,0
2019,7,17,Trasporto e magazzinaggio,1,0.56,34.20,26,32,19,31,0,51.95,0,0
2019,2,16,Altri servizi,1,0.56,34.20,9,14,4,0,15,59.41,0,0
2019,4,8,Sanità e assistenza sociale,1,0.56,34.16,15,20,10,12,1,52.24,0,0
2019,8,8,Finanza e assicurazione,1,0.56,34.10,26,31,20,31,0,46.75,0,0
2019,5,16,Altri servizi,1,0.56,34.09,14,19,10,5,2,50.68,0,0
2019,11,14,Altri servizi,1,0.55,34.00,12,16,9,1,4,53.74,0,0
2019,6,16,Amministrazione pubblica e difesa,1,0.55,33.96,24,30,18,28,0,48.15,0,0
2019,10,1,Commercio,1,0.55,33.89,17,22,13,18,0,52.38,0,0
2019,4,17,"Attività professionali, scientifiche e tecniche",1,0.55,33.78,15,20,10,12,1,52.24,0,0
2019,2,16,Trasporto e magazzinaggio,1,0.55,33.75,9,14,4,0,15,59.41,0,0
2019,12,16,Altri servizi,1,0.55,33.75,9,13,5,0,14,48.58,0,0
2019,10,10,Istruzione,1,0.55,33.74,17,22,13,18,0,52.38,0,0
2019,2,16,Amministrazione pubblica e difesa,1,0.55,33.72,9,14,4,0,15,59.41,0,0
2019,11,21,Trasporto e magazzinaggio,1,0.55,33.60,12,16,9,1,4,53.74,0,0
2019,4,14,Altri servizi,1,0.55,33.58,15,20,10,12,1,52.24,0,0
2019,7,1,"Alberghi, ristoranti e bar",1,0.55,33.44,26,32,19,31,0,51.95,0,0
2019,12,16,"Attività professionali, scientifiche e tecniche",1,0.54,33.40,9,13,5,0,14,48.58,0,0
2019,9,8,Immobiliare,1,0.54,33.33,21,26,16,25,0,52.11,0,0
2019,9,7,Commercio,1,0.54,33.27,21,26,16,25,0,52.11,0,0
2019,10,15,"Alberghi, ristoranti e bar",1,0.54,33.23,17,22,13,18,0,52.38,0,0
2019,12,7,Commercio,1,0.54,33.09,9,13,5,0,14,48.58,0,0
2019,7,14,Trasporto e magazzinaggio,1,0.54,32.93,26,32,19,31,0,51.95,0,0
2019,4,4,Commercio,1,0.54,32.92,15,20,10,12,1,52.24,0,0
2019,5,17,Trasporto e magazzinaggio,1,0.54,32.90,14,19,10,5,2,50.68,0,0
2019,1,8,Finanza e assicurazione,1,0.54,32.82,6,10,2,0,22,67.65,0,0
2019,9,4,"Alberghi, ristoranti e bar",1,0.53,32.77,21,26,16,25,0,52.11,0,0
2019,7,19,Commercio,1,0.53,32.77,26,32,19,31,0,51.95,0,0
2019,10,7,Commercio,1,0.53,32.76,17,22,13,18,0,52.38,0,0
2019,4,17,Trasporto e magazzinaggio,1,0.53,32.75,15,20,10,12,1,52.24,0,0
2019,7,5,Amministrazione pubblica e difesa,1,0.53,32.73,26,32,19,31,0,51.95,0,0
2019,11,1,Commercio,1,0.53,32.66,12,16,9,1,4,53.74,0,0
2019,4,16,Altri servizi,1,0.53,32.59,15,20,10,12,1,52.24,0,0
2019,9,17,Trasporto e magazzinaggio,1,0.53,32.47,21,26,16,25,0,52.11,0,0
2019,1,5,Amministrazione pubblica e difesa,1,0.53,32.45,6,10,2,0,22,67.65,0,0
2019,7,13,"Attività professionali, scientifiche e tecniche",1,0.53,32.43,26,32,19,31,0,51.95,0,0
2019,12,16,Amministrazione pubblica e difesa,1,0.53,32.43,9,13,5,0,14,48.58,0,0
2019,7,14,Sanità e assistenza sociale,1,0.53,32.39,26,32,19,31,0,51.95,0,0
2019,7,21,Sanità e assistenza sociale,1,0.53,32.34,26,32,19,31,0,51.95,0,0
2019,8,14,Sanità e assistenza sociale,1,0.53,32.23,26,31,20,31,0,46.75,0,0
2019,3,16,Amministrazione pubblica e difesa,1,0.52,32.17,12,18,7,8,5,52.83,0,0
2019,3,1,Commercio,1,0.52,32.14,12,18,7,8,5,52.83,0,0
2019,8,6,Sanità e assistenza sociale,1,0.52,32.13,26,31,20,31,0,46.75,0,0
2019,2,1,Commercio,1,0.52,32.10,9,14,4,0,15,59.41,0,0
2019,1,16,"Attività professionali, scientifiche e tecniche",1,0.52,32.07,6,10,2,0,22,67.65,0,0
2019,11,16,Altri servizi,1,0.52,32.07,12,16,9,1,4,53.74,0,0
2019,6,8,Finanza e assicurazione,1,0.52,31.96,24,30,18,28,0,48.15,0,0
2019,5,1,Commercio,1,0.52,31.83,14,19,10,5,2,50.68,0,0
2019,12,14,Trasporto e magazzinaggio,1,0.52,31.63,9,13,5,0,14,48.58,0,0
2019,9,16,Sanità e assistenza sociale,1,0.51,31.59,21,26,16,25,0,52.11,0,0
2019,6,16,Sanità e assistenza sociale,1,0.51,31.49,24,30,18,28,0,48.15,0,0
2019,8,19,Commercio,1,0.51,31.46,26,31,20,31,0,46.75,0,0
2019,5,9,"Alberghi, ristoranti e bar",1,0.51,31.46,14,19,10,5,2,50.68,0,0
2019,10,16,Amministrazione pubblica e difesa,1,0.51,31.28,17,22,13,18,0,52.38,0,0
2019,11,7,Commercio,1,0.51,31.25,12,16,9,1,4,53.74,0,0
2019,3,7,Commercio,1,0.51,31.21,12,18,7,8,5,52.83,0,0
2019,6,14,Trasporto e magazzinaggio,1,0.51,31.15,24,30,18,28,0,48.15,0,0
2019,10,17,Trasporto e magazzinaggio,1,0.51,31.07,17,22,13,18,0,52.38,0,0
2019,7,6,Informazione e comunicazione,1,0.51,31.02,26,32,19,31,0,51.95,0,0
2019,9,17,Sanità e assistenza sociale,1,0.51,30.99,21,26,16,25,0,52.11,0,0
2019,8,21,Sanità e assistenza sociale,1,0.50,30.85,26,31,20,31,0,46.75,0,0
2019,8,5,Amministrazione pubblica e difesa,1,0.50,30.83,26,31,20,31,0,46.75,0,0
2019,12,13,"Attività professionali, scientifiche e tecniche",1,0.50,30.78,9,13,5,0,14,48.58,0,0
2019,7,14,"Attività professionali, scientifiche e tecniche",1,0.50,30.67,26,32,19,31,0,51.95,0,0
2019,1,16,Sanità e assistenza sociale,1,0.50,30.67,6,10,2,0,22,67.65,0,0
2019,7,10,Istruzione,1,0.50,30.60,26,32,19,31,0,51.95,0,0
2019,2,7,Commercio,1,0.49,30.35,9,14,4,0,15,59.41,0,0
2019,6,6,Sanità e assistenza sociale,1,0.49,30.30,24,30,18,28,0,48.15,0,0
2019,9,8,Finanza e assicurazione,1,0.49,30.30,21,26,16,25,0,52.11,0,0
2019,8,17,Trasporto e magazzinaggio,1,0.49,30.28,26,31,20,31,0,46.75,0,0
2019,5,7,Commercio,1,0.49,30.27,14,19,10,5,2,50.68,0,0
2019,8,6,Informazione e comunicazione,1,0.49,30.22,26,31,20,31,0,46.75,0,0
2019,4,1,Commercio,1,0.49,30.12,15,20,10,12,1,52.24,0,0
2019,6,10,Istruzione,1,0.49,30.12,24,30,18,28,0,48.15,0,0
2019,4,9,"Alberghi, ristoranti e bar",1,0.49,30.02,15,20,10,12,1,52.24,0,0
2019,5,10,Istruzione,1,0.49,30.00,14,19,10,5,2,50.68,0,0
2019,6,17,Trasporto e magazzinaggio,1,0.49,29.99,24,30,18,28,0,48.15,0,0
2019,1,13,"Attività professionali, scientifiche e tecniche",1,0.49,29.97,6,10,2,0,22,67.65,0,0
2019,10,9,"Alberghi, ristoranti e bar",1,0.49,29.84,17,22,13,18,0,52.38,0,0
2019,12,8,Immobiliare,1,0.49,29.84,9,13,5,0,14,48.58,0,0
2019,7,9,Altri servizi,1,0.48,29.73,26,32,19,31,0,51.95,0,0
2019,9,11,"Alberghi, ristoranti e bar",1,0.48,29.68,21,26,16,25,0,52.11,0,0
2019,7,21,Informazione e comunicazione,1,0.48,29.51,26,32,19,31,0,51.95,0,0
2019,4,10,Istruzione,1,0.48,29.33,15,20,10,12,1,52.24,0,0
2019,1,11,Trasporto e magazzinaggio,1,0.48,29.32,6,10,2,0,22,67.65,0,0
2019,8,14,"Attività professionali, scientifiche e tecniche",1,0.48,29.30,26,31,20,31,0,46.75,0,0
2019,6,19,Commercio,1,0.48,29.19,24,30,18,28,0,48.15,0,0
2019,11,16,Amministrazione pubblica e difesa,1,0.48,29.18,12,16,9,1,4,53.74,0,0
2019,11,13,"Attività professionali, scientifiche e tecniche",1,0.47,29.10,12,16,9,1,4,53.74,0,0
2019,1,19,Commercio,1,0.47,29.09,6,10,2,0,22,67.65,0,0
2019,10,8,Immobiliare,1,0.47,29.04,17,22,13,18,0,52.38,0,0
2019,9,10,Istruzione,1,0.47,28.99,21,26,16,25,0,52.11,0,0
2019,8,9,Altri servizi,1,0.47,28.93,26,31,20,31,0,46.75,0,0
2019,9,14,Trasporto e magazzinaggio,1,0.47,28.86,21,26,16,25,0,52.11,0,0
2019,4,7,Commercio,1,0.47,28.85,15,20,10,12,1,52.24,0,0
2019,6,14,Sanità e assistenza sociale,1,0.47,28.69,24,30,18,28,0,48.15,0,0
2019,4,16,Amministrazione pubblica e difesa,1,0.47,28.58,15,20,10,12,1,52.24,0,0
2019,10,16,Sanità e assistenza sociale,1,0.47,28.56,17,22,13,18,0,52.38,0,0
2019,12,11,Trasporto e magazzinaggio,1,0.46,28.50,9,13,5,0,14,48.58,0,0
2019,6,21,Sanità e assistenza sociale,1,0.46,28.43,24,30,18,28,0,48.15,0,0
2019,1,14,"Attività professionali, scientifiche e tecniche",1,0.46,28.42,6,10,2,0,22,67.65,0,0
2019,4,15,"Alberghi, ristoranti e bar",1,0.46,28.38,15,20,10,12,1,52.24,0,0
2019,2,8,Immobiliare,1,0.46,28.37,9,14,4,0,15,59.41,0,0
2019,7,11,Trasporto e magazzinaggio,1,0.46,28.35,26,32,19,31,0,51.95,0,0
2019,5,16,Amministrazione pubblica e difesa,1,0.46,28.27,14,19,10,5,2,50.68,0,0
2019,10,11,Trasporto e magazzinaggio,1,0.46,28.25,17,22,13,18,0,52.38,0,0
2019,6,1,"Alberghi, ristoranti e bar",1,0.46,28.09,24,30,18,28,0,48.15,0,0
2019,11,16,"Attività professionali, scientifiche e tecniche",1,0.46,28.08,12,16,9,1,4,53.74,0,0
2019,9,5,Amministrazione pubblica e difesa,1,0.46,28.02,21,26,16,25,0,52.11,0,0
2019,3,8,Immobiliare,1,0.46,28.00,12,18,7,8,5,52.83,0,0
2019,8,21,Informazione e comunicazione,1,0.46,27.99,26,31,20,31,0,46.75,0,0
2019,8,18,"Alberghi, ristoranti e bar",1,0.46,27.99,26,31,20,31,0,46.75,0,0
2019,6,6,Informazione e comunicazione,1,0.46,27.95,24,30,18,28,0,48.15,0,0
2019,10,13,"Attività professionali, scientifiche e tecniche",1,0.45,27.86,17,22,13,18,0,52.38,0,0
2019,11,8,Immobiliare,1,0.45,27.79,12,16,9,1,4,53.74,0,0
2019,7,5,Sanità e assistenza sociale,1,0.45,27.75,26,32,19,31,0,51.95,0,0
2019,6,21,Informazione e comunicazione,1,0.45,27.71,24,30,18,28,0,48.15,0,0
2019,3,9,"Alberghi, ristoranti e bar",1,0.45,27.70,12,18,7,8,5,52.83,0,0
2019,1,17,Sanità e assistenza sociale,1,0.45,27.68,6,10,2,0,22,67.65,0,0
2019,12,5,Amministrazione pubblica e difesa,1,0.45,27.66,9,13,5,0,14,48.58,0,0
2019,7,7,Altri servizi,1,0.45,27.57,26,32,19,31,0,51.95,0,0
2019,2,8,Finanza e assicurazione,1,0.45,27.56,9,14,4,0,15,59.41,0,0
2019,4,14,Trasporto e magazzinaggio,1,0.45,27.41,15,20,10,12,1,52.24,0,0
2019,6,5,Amministrazione pubblica e difesa,1,0.45,27.38,24,30,18,28,0,48.15,0,0
2019,3,8,Finanza e assicurazione,1,0.45,27.33,12,18,7,8,5,52.83,0,0
2019,4,16,"Attività professionali, scientifiche e tecniche",1,0.45,27.31,15,20,10,12,1,52.24,0,0
2019,2,16,"Attività professionali, scientifiche e tecniche",1,0.44,27.26,9,14,4,0,15,59.41,0,0
2019,2,5,Amministrazione pubblica e difesa,1,0.44,27.18,9,14,4,0,15,59.41,0,0
2019,12,19,Commercio,1,0.44,27.18,9,13,5,0,14,48.58,0,0
2019,12,9,"Alberghi, ristoranti e bar",1,0.44,27.14,9,13,5,0,14,48.58,0,0
2019,10,14,Trasporto e magazzinaggio,1,0.44,27.14,17,22,13,18,0,52.38,0,0
2019,6,13,"Attività professionali, scientifiche e tecniche",1,0.44,27.06,24,30,18,28,0,48.15,0,0
2019,7,1,Altri servizi,1,0.44,27.00,26,32,19,31,0,51.95,0,0
2019,9,13,"Attività professionali, scientifiche e tecniche",1,0.44,26.97,21,26,16,25,0,52.11,0,0
2019,8,13,"Attività professionali, scientifiche e tecniche",1,0.44,26.95,26,31,20,31,0,46.75,0,0
2019,9,19,Commercio,1,0.44,26.95,21,26,16,25,0,52.11,0,0
2019,3,10,Istruzione,1,0.44,26.94,12,18,7,8,5,52.83,0,0
2019,7,17,Informazione e comunicazione,1,0.44,26.84,26,32,19,31,0,51.95,0,0
2019,3,16,"Attività professionali, scientifiche e tecniche",1,0.44,26.82,12,18,7,8,5,52.83,0,0
2019,5,17,Sanità e assistenza sociale,1,0.44,26.80,14,19,10,5,2,50.68,0,0
2019,11,11,Trasporto e magazzinaggio,1,0.43,26.65,12,16,9,1,4,53.74,0,0
2019,9,14,"Attività professionali, scientifiche e tecniche",1,0.43,26.63,21,26,16,25,0,52.11,0,0
2019,12,8,Finanza e assicurazione,1,0.43,26.63,9,13,5,0,14,48.58,0,0
2019,7,18,"Alberghi, ristoranti e bar",1,0.43,26.59,26,32,19,31,0,51.95,0,0
2019,1,9,"Alberghi, ristoranti e bar",1,0.43,26.57,6,10,2,0,22,67.65,0,0
2019,1,14,Trasporto e magazzinaggio,1,0.43,26.56,6,10,2,0,22,67.65,0,0
2019,5,8,Immobiliare,1,0.43,26.54,14,19,10,5,2,50.68,0,0
2019,2,16,Sanità e assistenza sociale,1,0.43,26.53,9,14,4,0,15,59.41,0,0
2019,1,9,Altri servizi,1,0.43,26.53,6,10,2,0,22,67.65,0,0
2019,11,14,Trasporto e magazzinaggio,1,0.43,26.49,12,16,9,1,4,53.74,0,0
2019,1,14,Amministrazione pubblica e difesa,1,0.43,26.45,6,10,2,0,22,67.65,0,0
2019,10,8,Finanza e assicurazione,1,0.43,26.39,17,22,13,18,0,52.38,0,0
2019,10,17,Sanità e assistenza sociale,1,0.43,26.39,17,22,13,18,0,52.38,0,0
2019,6,9,Altri servizi,1,0.43,26.37,24,30,18,28,0,48.15,0,0
2019,3,14,Trasporto e magazzinaggio,1,0.43,26.35,12,18,7,8,5,52.83,0,0
2019,12,16,Sanità e assistenza sociale,1,0.43,26.30,9,13,5,0,14,48.58,0,0
2019,7,7,"Alberghi, ristoranti e bar",1,0.43,26.29,26,32,19,31,0,51.95,0,0
2019,5,14,Trasporto e magazzinaggio,1,0.43,26.28,14,19,10,5,2,50.68,0,0
2019,3,5,Amministrazione pubblica e difesa,1,0.43,26.28,12,18,7,8,5,52.83,0,0
2019,3,16,Sanità e assistenza sociale,1,0.43,26.27,12,18,7,8,5,52.83,0,0
2019,8,7,"Alberghi, ristoranti e bar",1,0.43,26.25,26,31,20,31,0,46.75,0,0
2019,7,13,Sanità e assistenza sociale,1,0.43,26.19,26,32,19,31,0,51.95,0,0
2019,2,13,"Attività professionali, scientifiche e tecniche",1,0.43,26.18,9,14,4,0,15,59.41,0,0
2019,10,19,Commercio,1,0.43,26.15,17,22,13,18,0,52.38,0,0
2019,6,14,"Attività professionali, scientifiche e tecniche",1,0.43,26.12,24,30,18,28,0,48.15,0,0
2019,9,14,Sanità e assistenza sociale,1,0.43,26.07,21,26,16,25,0,52.11,0,0
2019,8,14,Amministrazione pubblica e difesa,1,0.42,26.02,26,31,20,31,0,46.75,0,0
2019,10,5,Amministrazione pubblica e difesa,1,0.42,25.98,17,22,13,18,0,52.38,0,0
2019,9,6,Informazione e comunicazione,1,0.42,25.97,21,26,16,25,0,52.11,0,0
2019,3,13,"Attività professionali, scientifiche e tecniche",1,0.42,25.96,12,18,7,8,5,52.83,0,0
2019,3,11,Trasporto e magazzinaggio,1,0.42,25.78,12,18,7,8,5,52.83,0,0
2019,5,11,"Alberghi, ristoranti e bar",1,0.42,25.75,14,19,10,5,2,50.68,0,0
2019,1,21,Informazione e comunicazione,1,0.42,25.72,6,10,2,0,22,67.65,0,0
2019,8,17,Informazione e comunicazione,1,0.42,25.62,26,31,20,31,0,46.75,0,0
2019,11,5,Amministrazione pubblica e difesa,1,0.42,25.60,12,16,9,1,4,53.74,0,0
2019,4,8,Immobiliare,1,0.42,25.60,15,20,10,12,1,52.24,0,0
2019,9,11,Trasporto e magazzinaggio,1,0.42,25.54,21,26,16,25,0,52.11,0,0
2019,9,9,Altri servizi,1,0.42,25.48,21,26,16,25,0,52.11,0,0
2019,1,6,Informazione e comunicazione,1,0.42,25.47,6,10,2,0,22,67.65,0,0
2019,2,11,Trasporto e magazzinaggio,1,0.41,25.43,9,14,4,0,15,59.41,0,0
2019,11,19,Commercio,1,0.41,25.37,12,16,9,1,4,53.74,0,0
2019,3,17,Sanità e assistenza sociale,1,0.41,25.23,12,18,7,8,5,52.83,0,0
2019,3,19,Commercio,1,0.41,25.18,12,18,7,8,5,52.83,0,0
2019,7,5,Informazione e comunicazione,1,0.41,25.11,26,32,19,31,0,51.95,0,0
2019,11,16,Sanità e assistenza sociale,1,0.41,25.10,12,16,9,1,4,53.74,0,0
2019,5,8,Finanza e assicurazione,1,0.41,25.08,14,19,10,5,2,50.68,0,0
2019,5,16,"Attività professionali, scientifiche e tecniche",1,0.41,25.04,14,19,10,5,2,50.68,0,0
2019,9,6,Sanità e assistenza sociale,1,0.41,25.03,21,26,16,25,0,52.11,0,0
2019,8,7,Altri servizi,1,0.41,24.93,26,31,20,31,0,46.75,0,0
2019,1,14,Sanità e assistenza sociale,1,0.41,24.90,6,10,2,0,22,67.65,0,0
2019,5,6,Informazione e comunicazione,1,0.41,24.88,14,19,10,5,2,50.68,0,0
2019,4,8,Finanza e assicurazione,1,0.41,24.84,15,20,10,12,1,52.24,0,0
2019,8,5,Sanità e assistenza sociale,1,0.40,24.80,26,31,20,31,0,46.75,0,0
2019,12,9,Altri servizi,1,0.40,24.72,9,13,5,0,14,48.58,0,0
2019,3,6,Informazione e comunicazione,1,0.40,24.67,12,18,7,8,5,52.83,0,0
2019,2,19,Commercio,1,0.40,24.63,9,14,4,0,15,59.41,0,0
2019,7,14,Amministrazione pubblica e difesa,1,0.40,24.62,26,32,19,31,0,51.95,0,0
2019,11,8,Finanza e assicurazione,1,0.40,24.60,12,16,9,1,4,53.74,0,0
2019,8,1,Altri servizi,1,0.40,24.56,26,31,20,31,0,46.75,0,0
2019,11,9,"Alberghi, ristoranti e bar",1,0.40,24.54,12,16,9,1,4,53.74,0,0
2019,12,14,"Attività professionali, scientifiche e tecniche",1,0.40,24.53,9,13,5,0,14,48.58,0,0
2019,5,16,Sanità e assistenza sociale,1,0.40,24.49,14,19,10,5,2,50.68,0,0
2019,11,17,Sanità e assistenza sociale,1,0.40,24.47,12,16,9,1,4,53.74,0,0
2019,5,19,Commercio,1,0.40,24.45,14,19,10,5,2,50.68,0,0
2019,7,16,Informazione e comunicazione,1,0.40,24.44,26,32,19,31,0,51.95,0,0
2019,8,5,Informazione e comunicazione,1,0.40,24.41,26,31,20,31,0,46.75,0,0
2019,12,17,Sanità e assistenza sociale,1,0.40,24.37,9,13,5,0,14,48.58,0,0
2019,5,13,"Attività professionali, scientifiche e tecniche",1,0.40,24.35,14,19,10,5,2,50.68,0,0
2019,8,16,Informazione e comunicazione,1,0.40,24.34,26,31,20,31,0,46.75,0,0
2019,4,17,Sanità e assistenza sociale,1,0.40,24.34,15,20,10,12,1,52.24,0,0
2019,9,21,Informazione e comunicazione,1,0.40,24.30,21,26,16,25,0,52.11,0,0
2019,10,6,Informazione e comunicazione,1,0.40,24.28,17,22,13,18,0,52.38,0,0
2019,6,17,Informazione e comunicazione,1,0.39,24.20,24,30,18,28,0,48.15,0,0
2019,9,18,"Alberghi, ristoranti e bar",1,0.39,24.19,21,26,16,25,0,52.11,0,0
2019,4,16,Sanità e assistenza sociale,1,0.39,24.17,15,20,10,12,1,52.24,0,0
2019,12,21,Informazione e comunicazione,1,0.39,24.16,9,13,5,0,14,48.58,0,0
2019,10,11,"Alberghi, ristoranti e bar",1,0.39,24.15,17,22,13,18,0,52.38,0,0
2019,8,10,Istruzione,1,0.39,24.08,26,31,20,31,0,46.75,0,0
2019,2,14,"Attività professionali, scientifiche e tecniche",1,0.39,24.08,9,14,4,0,15,59.41,0,0
2019,2,17,Sanità e assistenza sociale,1,0.39,24.05,9,14,4,0,15,59.41,0,0
2019,2,9,"Alberghi, ristoranti e bar",1,0.39,24.04,9,14,4,0,15,59.41,0,0
2019,8,11,Trasporto e magazzinaggio,1,0.39,24.01,26,31,20,31,0,46.75,0,0
2019,12,11,"Alberghi, ristoranti e bar",1,0.39,23.99,9,13,5,0,14,48.58,0,0
2019,4,6,Informazione e comunicazione,1,0.39,23.97,15,20,10,12,1,52.24,0,0
2019,6,7,"Alberghi, ristoranti e bar",1,0.39,23.92,24,30,18,28,0,48.15,0,0
2019,9,1,"Alberghi, ristoranti e bar",1,0.39,23.92,21,26,16,25,0,52.11,0,0
2019,10,9,Altri servizi,1,0.39,23.86,17,22,13,18,0,52.38,0,0
2019,6,1,Altri servizi,1,0.39,23.81,24,30,18,28,0,48.15,0,0
2019,4,11,"Alberghi, ristoranti e bar",1,0.39,23.80,15,20,10,12,1,52.24,0,0
2019,8,13,Sanità e assistenza sociale,1,0.39,23.77,26,31,20,31,0,46.75,0,0
2019,1,17,Informazione e comunicazione,1,0.39,23.71,6,10,2,0,22,67.65,0,0
2019,12,6,Informazione e comunicazione,1,0.39,23.69,9,13,5,0,14,48.58,0,0
2019,12,15,"Alberghi, ristoranti e bar",1,0.38,23.57,9,13,5,0,14,48.58,0,0
2019,10,14,"Attività professionali, scientifiche e tecniche",1,0.38,23.57,17,22,13,18,0,52.38,0,0
2019,1,15,"Alberghi, ristoranti e bar",1,0.38,23.55,6,10,2,0,22,67.65,0,0
2019,11,15,"Alberghi, ristoranti e bar",1,0.38,23.55,12,16,9,1,4,53.74,0,0
2019,3,15,"Alberghi, ristoranti e bar",1,0.38,23.55,12,18,7,8,5,52.83,0,0
2019,4,19,Commercio,1,0.38,23.50,15,20,10,12,1,52.24,0,0
2019,10,6,Sanità e assistenza sociale,1,0.38,23.48,17,22,13,18,0,52.38,0,0
2019,1,6,Sanità e assistenza sociale,1,0.38,23.47,6,10,2,0,22,67.65,0,0
2019,3,21,Informazione e comunicazione,1,0.38,23.42,12,18,7,8,5,52.83,0,0
2019,10,21,Informazione e comunicazione,1,0.38,23.41,17,22,13,18,0,52.38,0,0
2019,11,21,Informazione e comunicazione,1,0.38,23.38,12,16,9,1,4,53.74,0,0
2019,1,1,Altri servizi,1,0.38,23.33,6,10,2,0,22,67.65,0,0
2019,4,13,"Attività professionali, scientifiche e tecniche",1,0.38,23.32,15,20,10,12,1,52.24,0,0
2019,9,21,Sanità e assistenza sociale,1,0.38,23.25,21,26,16,25,0,52.11,0,0
2019,7,9,"Attività professionali, scientifiche e tecniche",1,0.38,23.21,26,32,19,31,0,51.95,0,0
2019,6,5,Sanità e assistenza sociale,1,0.38,23.19,24,30,18,28,0,48.15,0,0
2019,5,5,Amministrazione pubblica e difesa,1,0.38,23.18,14,19,10,5,2,50.68,0,0
2019,10,4,"Alberghi, ristoranti e bar",1,0.38,23.14,17,22,13,18,0,52.38,0,0
2019,1,11,"Alberghi, ristoranti e bar",1,0.38,23.08,6,10,2,0,22,67.65,0,0
2019,5,4,"Alberghi, ristoranti e bar",1,0.38,23.03,14,19,10,5,2,50.68,0,0
2019,11,6,Informazione e comunicazione,1,0.38,23.01,12,16,9,1,4,53.74,0,0
2019,3,14,"Attività professionali, scientifiche e tecniche",1,0.37,22.98,12,18,7,8,5,52.83,0,0
2019,3,9,Altri servizi,1,0.37,22.98,12,18,7,8,5,52.83,0,0
2019,2,6,Informazione e comunicazione,1,0.37,22.91,9,14,4,0,15,59.41,0,0
2019,5,21,Informazione e comunicazione,1,0.37,22.91,14,19,10,5,2,50.68,0,0
2019,3,11,"Alberghi, ristoranti e bar",1,0.37,22.87,12,18,7,8,5,52.83,0,0
2019,5,9,Altri servizi,1,0.37,22.77,14,19,10,5,2,50.68,0,0
2019,4,5,Amministrazione pubblica e difesa,1,0.37,22.76,15,20,10,12,1,52.24,0,0
2019,6,18,"Alberghi, ristoranti e bar",1,0.37,22.71,24,30,18,28,0,48.15,0,0
2019,2,14,Trasporto e magazzinaggio,1,0.37,22.64,9,14,4,0,15,59.41,0,0
2019,9,17,Informazione e comunicazione,1,0.37,22.63,21,26,16,25,0,52.11,0,0
2019,6,5,Informazione e comunicazione,1,0.37,22.55,24,30,18,28,0,48.15,0,0
2019,4,9,Altri servizi,1,0.37,22.51,15,20,10,12,1,52.24,0,0
2019,8,4,Altri servizi,1,0.37,22.45,26,31,20,31,0,46.75,0,0
2019,10,14,Sanità e assistenza sociale,1,0.37,22.43,17,22,13,18,0,52.38,0,0
2019,2,21,Informazione e comunicazione,1,0.36,22.38,9,14,4,0,15,59.41,0,0
2019,11,11,"Alberghi, ristoranti e bar",1,0.36,22.27,12,16,9,1,4,53.74,0,0
2019,12,14,Amministrazione pubblica e difesa,1,0.36,22.22,9,13,5,0,14,48.58,0,0
2019,2,9,Altri servizi,1,0.36,22.18,9,14,4,0,15,59.41,0,0
2019,11,14,"Attività professionali, scientifiche e tecniche",1,0.36,22.12,12,16,9,1,4,53.74,0,0
2019,9,14,Amministrazione pubblica e difesa,1,0.36,22.10,21,26,16,25,0,52.11,0,0
2019,1,5,Sanità e assistenza sociale,1,0.36,22.09,6,10,2,0,22,67.65,0,0
2019,6,13,Sanità e assistenza sociale,1,0.36,22.07,24,30,18,28,0,48.15,0,0
2019,6,11,Trasporto e magazzinaggio,1,0.36,22.06,24,30,18,28,0,48.15,0,0
2019,1,21,Sanità e assistenza sociale,1,0.36,22.03,6,10,2,0,22,67.65,0,0
2019,4,21,Informazione e comunicazione,1,0.36,21.99,15,20,10,12,1,52.24,0,0
2019,9,5,Informazione e comunicazione,1,0.36,21.95,21,26,16,25,0,52.11,0,0
2019,11,6,Sanità e assistenza sociale,1,0.36,21.90,12,16,9,1,4,53.74,0,0
2019,6,16,Informazione e comunicazione,1,0.36,21.83,24,30,18,28,0,48.15,0,0
2019,1,18,"Alberghi, ristoranti e bar",1,0.36,21.82,6,10,2,0,22,67.65,0,0
2019,7,17,Amministrazione pubblica e difesa,1,0.35,21.77,26,32,19,31,0,51.95,0,0
2019,12,6,Sanità e assistenza sociale,1,0.35,21.75,9,13,5,0,14,48.58,0,0
2019,7,4,Altri servizi,1,0.35,21.74,26,32,19,31,0,51.95,0,0
2019,1,5,Informazione e comunicazione,1,0.35,21.67,6,10,2,0,22,67.65,0,0
2019,2,14,Amministrazione pubblica e difesa,1,0.35,21.67,9,14,4,0,15,59.41,0,0
2019,12,14,Sanità e assistenza sociale,1,0.35,21.63,9,13,5,0,14,48.58,0,0
2019,3,17,Informazione e comunicazione,1,0.35,21.62,12,18,7,8,5,52.83,0,0
2019,9,16,Informazione e comunicazione,1,0.35,21.59,21,26,16,25,0,52.11,0,0
2019,3,14,Sanità e assistenza sociale,1,0.35,21.58,12,18,7,8,5,52.83,0,0
2019,12,17,Informazione e comunicazione,1,0.35,21.49,9,13,5,0,14,48.58,0,0
2019,10,17,Informazione e comunicazione,1,0.35,21.48,17,22,13,18,0,52.38,0,0
2019,9,1,Altri servizi,1,0.35,21.46,21,26,16,25,0,52.11,0,0
2019,6,7,Altri servizi,1,0.35,21.44,24,30,18,28,0,48.15,0,0
2019,9,5,Sanità e assistenza sociale,1,0.35,21.44,21,26,16,25,0,52.11,0,0
2019,2,14,Sanità e assistenza sociale,1,0.35,21.37,9,14,4,0,15,59.41,0,0
2019,1,15,Amministrazione pubblica e difesa,1,0.35,21.28,6,10,2,0,22,67.65,0,0
2019,11,9,Altri servizi,1,0.35,21.22,12,16,9,1,4,53.74,0,0
2019,2,15,"Alberghi, ristoranti e bar",1,0.35,21.19,9,14,4,0,15,59.41,0,0
2019,6,14,Amministrazione pubblica e difesa,1,0.34,21.14,24,30,18,28,0,48.15,0,0
2019,3,6,Sanità e assistenza sociale,1,0.34,21.04,12,18,7,8,5,52.83,0,0
2019,10,18,"Alberghi, ristoranti e bar",1,0.34,21.03,17,22,13,18,0,52.38,0,0
2019,8,9,"Attività professionali, scientifiche e tecniche",1,0.34,20.96,26,31,20,31,0,46.75,0,0
2019,5,17,Informazione e comunicazione,1,0.34,20.96,14,19,10,5,2,50.68,0,0
2019,11,14,Sanità e assistenza sociale,1,0.34,20.94,12,16,9,1,4,53.74,0,0
2019,5,6,Sanità e assistenza sociale,1,0.34,20.93,14,19,10,5,2,50.68,0,0
2019,12,18,"Alberghi, ristoranti e bar",1,0.34,20.82,9,13,5,0,14,48.58,0,0
2019,3,1,Altri servizi,1,0.34,20.80,12,18,7,8,5,52.83,0,0
2019,5,14,"Attività professionali, scientifiche e tecniche",1,0.34,20.73,14,19,10,5,2,50.68,0,0
2019,2,11,"Alberghi, ristoranti e bar",1,0.34,20.71,9,14,4,0,15,59.41,0,0
2019,3,18,"Alberghi, ristoranti e bar",1,0.34,20.70,12,18,7,8,5,52.83,0,0
2019,11,17,Informazione e comunicazione,1,0.34,20.65,12,16,9,1,4,53.74,0,0
2019,5,1,"Alberghi, ristoranti e bar",1,0.34,20.59,14,19,10,5,2,50.68,0,0
2019,4,17,Informazione e comunicazione,1,0.34,20.56,15,20,10,12,1,52.24,0,0
2019,10,16,Informazione e comunicazione,1,0.33,20.52,17,22,13,18,0,52.38,0,0
2019,7,11,Altri servizi,1,0.33,20.50,26,32,19,31,0,51.95,0,0
2019,10,5,Informazione e comunicazione,1,0.33,20.49,17,22,13,18,0,52.38,0,0
2019,1,4,"Alberghi, ristoranti e bar",1,0.33,20.45,6,10,2,0,22,67.65,0,0
2019,7,15,Amministrazione pubblica e difesa,1,0.33,20.43,26,32,19,31,0,51.95,0,0
2019,12,1,"Alberghi, ristoranti e bar",1,0.33,20.43,9,13,5,0,14,48.58,0,0
2019,12,1,Altri servizi,1,0.33,20.43,9,13,5,0,14,48.58,0,0
2019,7,21,Immobiliare,1,0.33,20.41,26,32,19,31,0,51.95,0,0
2019,12,4,"Alberghi, ristoranti e bar",1,0.33,20.40,9,13,5,0,14,48.58,0,0
2019,2,1,Altri servizi,1,0.33,20.37,9,14,4,0,15,59.41,0,0
2019,4,4,"Alberghi, ristoranti e bar",1,0.33,20.34,15,20,10,12,1,52.24,0,0
2019,1,16,Informazione e comunicazione,1,0.33,20.34,6,10,2,0,22,67.65,0,0
2019,2,17,Informazione e comunicazione,1,0.33,20.33,9,14,4,0,15,59.41,0,0
2019,12,21,Sanità e assistenza sociale,1,0.33,20.31,9,13,5,0,14,48.58,0,0
2019,1,11,Altri servizi,1,0.33,20.29,6,10,2,0,22,67.65,0,0
2019,4,14,"Attività professionali, scientifiche e tecniche",1,0.33,20.23,15,20,10,12,1,52.24,0,0
2019,5,14,Sanità e assistenza sociale,1,0.33,20.22,14,19,10,5,2,50.68,0,0
2019,1,21,Amministrazione pubblica e difesa,1,0.33,20.21,6,10,2,0,22,67.65,0,0
2019,3,5,Informazione e comunicazione,1,0.33,20.17,12,18,7,8,5,52.83,0,0
2019,10,1,Altri servizi,1,0.33,20.15,17,22,13,18,0,52.38,0,0
2019,1,1,"Alberghi, ristoranti e bar",1,0.33,20.14,6,10,2,0,22,67.65,0,0
2019,2,6,Sanità e assistenza sociale,1,0.33,20.08,9,14,4,0,15,59.41,0,0
2019,2,1,Trasporto e magazzinaggio,1,0.33,20.06,9,14,4,0,15,59.41,0,0
2019,1,17,Amministrazione pubblica e difesa,1,0.33,20.05,6,10,2,0,22,67.65,0,0
2019,12,5,Informazione e comunicazione,1,0.33,19.99,9,13,5,0,14,48.58,0,0
2019,3,14,Amministrazione pubblica e difesa,1,0.33,19.94,12,18,7,8,5,52.83,0,0
2019,5,1,Altri servizi,1,0.32,19.92,14,19,10,5,2,50.68,0,0
2019,10,21,Sanità e assistenza sociale,1,0.32,19.89,17,22,13,18,0,52.38,0,0
2019,3,1,Trasporto e magazzinaggio,1,0.32,19.87,12,18,7,8,5,52.83,0,0
2019,12,9,"Attività professionali, scientifiche e tecniche",1,0.32,19.86,9,13,5,0,14,48.58,0,0
2019,3,4,"Alberghi, ristoranti e bar",1,0.32,19.81,12,18,7,8,5,52.83,0,0
2019,5,5,Informazione e comunicazione,1,0.32,19.78,14,19,10,5,2,50.68,0,0
2019,1,13,Sanità e assistenza sociale,1,0.32,19.73,6,10,2,0,22,67.65,0,0
2019,11,1,Altri servizi,1,0.32,19.67,12,16,9,1,4,53.74,0,0
2019,12,13,Sanità e assistenza sociale,1,0.32,19.67,9,13,5,0,14,48.58,0,0
2019,4,14,Sanità e assistenza sociale,1,0.32,19.65,15,20,10,12,1,52.24,0,0
2019,4,6,Sanità e assistenza sociale,1,0.32,19.65,15,20,10,12,1,52.24,0,0
2019,9,7,"Alberghi, ristoranti e bar",1,0.32,19.60,21,26,16,25,0,52.11,0,0
2019,2,18,"Alberghi, ristoranti e bar",1,0.32,19.57,9,14,4,0,15,59.41,0,0
2019,8,15,Amministrazione pubblica e difesa,1,0.32,19.55,26,31,20,31,0,46.75,0,0
2019,11,21,Sanità e assistenza sociale,1,0.32,19.55,12,16,9,1,4,53.74,0,0
2019,9,13,Sanità e assistenza sociale,1,0.32,19.54,21,26,16,25,0,52.11,0,0
2019,12,16,Informazione e comunicazione,1,0.32,19.48,9,13,5,0,14,48.58,0,0
2019,8,11,Altri servizi,1,0.32,19.48,26,31,20,31,0,46.75,0,0
2019,7,1,Trasporto e magazzinaggio,1,0.32,19.44,26,32,19,31,0,51.95,0,0
2019,8,17,Amministrazione pubblica e difesa,1,0.32,19.38,26,31,20,31,0,46.75,0,0
2019,10,1,"Alberghi, ristoranti e bar",1,0.32,19.38,17,22,13,18,0,52.38,0,0
2019,3,16,Informazione e comunicazione,1,0.32,19.34,12,18,7,8,5,52.83,0,0
2019,3,21,Sanità e assistenza sociale,1,0.31,19.30,12,18,7,8,5,52.83,0,0
2019,7,21,Amministrazione pubblica e difesa,1,0.31,19.29,26,32,19,31,0,51.95,0,0
2019,3,1,"Alberghi, ristoranti e bar",1,0.31,19.21,12,18,7,8,5,52.83,0,0
2019,4,5,Informazione e comunicazione,1,0.31,19.20,15,20,10,12,1,52.24,0,0
2019,10,13,Sanità e assistenza sociale,1,0.31,19.20,17,22,13,18,0,52.38,0,0
2019,7,13,Informazione e comunicazione,1,0.31,19.18,26,32,19,31,0,51.95,0,0
2019,11,5,Informazione e comunicazione,1,0.31,19.11,12,16,9,1,4,53.74,0,0
2019,1,1,Trasporto e magazzinaggio,1,0.31,19.07,6,10,2,0,22,67.65,0,0
2019,5,16,Informazione e comunicazione,1,0.31,19.07,14,19,10,5,2,50.68,0,0
2019,4,1,"Alberghi, ristoranti e bar",1,0.31,19.06,15,20,10,12,1,52.24,0,0
2019,4,11,Trasporto e magazzinaggio,1,0.31,19.00,15,20,10,12,1,52.24,0,0
2019,2,5,Informazione e comunicazione,1,0.31,18.98,9,14,4,0,15,59.41,0,0
2019,10,5,Sanità e assistenza sociale,1,0.31,18.97,17,22,13,18,0,52.38,0,0
2019,11,13,Sanità e assistenza sociale,1,0.31,18.97,12,16,9,1,4,53.74,0,0
2019,2,5,Sanità e assistenza sociale,1,0.31,18.94,9,14,4,0,15,59.41,0,0
2019,12,5,Sanità e assistenza sociale,1,0.31,18.93,9,13,5,0,14,48.58,0,0
2019,1,8,Istruzione,1,0.31,18.92,6,10,2,0,22,67.65,0,0
2019,10,14,Amministrazione pubblica e difesa,1,0.31,18.82,17,22,13,18,0,52.38,0,0
2019,11,4,"Alberghi, ristoranti e bar",1,0.31,18.82,12,16,9,1,4,53.74,0,0
2019,9,9,"Attività professionali, scientifiche e tecniche",1,0.31,18.82,21,26,16,25,0,52.11,0,0
2019,7,6,Immobiliare,1,0.31,18.80,26,32,19,31,0,51.95,0,0
2019,4,1,Altri servizi,1,0.31,18.80,15,20,10,12,1,52.24,0,0
2019,5,21,Sanità e assistenza sociale,1,0.31,18.76,14,19,10,5,2,50.68,0,0
2019,6,11,Altri servizi,1,0.31,18.76,24,30,18,28,0,48.15,0,0
2019,3,13,Sanità e assistenza sociale,1,0.31,18.74,12,18,7,8,5,52.83,0,0
2019,12,21,Amministrazione pubblica e difesa,1,0.30,18.67,9,13,5,0,14,48.58,0,0
2019,2,21,Sanità e assistenza sociale,1,0.30,18.66,9,14,4,0,15,59.41,0,0
2019,8,19,"Alberghi, ristoranti e bar",1,0.30,18.65,26,31,20,31,0,46.75,0,0
2019,11,16,Informazione e comunicazione,1,0.30,18.65,12,16,9,1,4,53.74,0,0
2019,1,7,Altri servizi,1,0.30,18.62,6,10,2,0,22,67.65,0,0
2019,6,1,Trasporto e magazzinaggio,1,0.30,18.57,24,30,18,28,0,48.15,0,0
2019,3,5,Sanità e assistenza sociale,1,0.30,18.54,12,18,7,8,5,52.83,0,0
2019,6,4,Altri servizi,1,0.30,18.52,24,30,18,28,0,48.15,0,0
2019,8,13,Informazione e comunicazione,1,0.30,18.52,26,31,20,31,0,46.75,0,0
2019,4,16,Informazione e comunicazione,1,0.30,18.44,15,20,10,12,1,52.24,0,0
2019,7,19,"Alberghi, ristoranti e bar",1,0.30,18.43,26,32,19,31,0,51.95,0,0
2019,8,21,Immobiliare,1,0.30,18.29,26,31,20,31,0,46.75,0,0
2019,11,1,"Alberghi, ristoranti e bar",1,0.30,18.27,12,16,9,1,4,53.74,0,0
2019,6,21,Immobiliare,1,0.30,18.17,24,30,18,28,0,48.15,0,0
2019,6,9,"Attività professionali, scientifiche e tecniche",1,0.30,18.17,24,30,18,28,0,48.15,0,0
2019,4,13,Sanità e assistenza sociale,1,0.30,18.15,15,20,10,12,1,52.24,0,0
2019,8,21,Amministrazione pubblica e difesa,1,0.30,18.12,26,31,20,31,0,46.75,0,0
2019,6,17,Amministrazione pubblica e difesa,1,0.29,18.08,24,30,18,28,0,48.15,0,0
2019,1,17,Istruzione,1,0.29,18.06,6,10,2,0,22,67.65,0,0
2019,1,16,Istruzione,1,0.29,18.05,6,10,2,0,22,67.65,0,0
2019,2,4,"Alberghi, ristoranti e bar",1,0.29,18.03,9,14,4,0,15,59.41,0,0
2019,2,15,Amministrazione pubblica e difesa,1,0.29,18.02,9,14,4,0,15,59.41,0,0
2019,2,16,Informazione e comunicazione,1,0.29,18.00,9,14,4,0,15,59.41,0,0
2019,11,14,Amministrazione pubblica e difesa,1,0.29,17.98,12,16,9,1,4,53.74,0,0
2019,1,4,Altri servizi,1,0.29,17.97,6,10,2,0,22,67.65,0,0
2019,5,7,"Alberghi, ristoranti e bar",1,0.29,17.95,14,19,10,5,2,50.68,0,0
2019,7,4,Trasporto e magazzinaggio,1,0.29,17.95,26,32,19,31,0,51.95,0,0
2019,8,14,Informazione e comunicazione,1,0.29,17.91,26,31,20,31,0,46.75,0,0
2019,7,17,Immobiliare,1,0.29,17.89,26,32,19,31,0,51.95,0,0
2019,2,1,"Alberghi, ristoranti e bar",1,0.29,17.87,9,14,4,0,15,59.41,0,0
2019,5,13,Sanità e assistenza sociale,1,0.29,17.87,14,19,10,5,2,50.68,0,0
2019,12,17,Amministrazione pubblica e difesa,1,0.29,17.81,9,13,5,0,14,48.58,0,0
2019,7,14,Informazione e comunicazione,1,0.29,17.78,26,32,19,31,0,51.95,0,0
2019,4,21,Sanità e assistenza sociale,1,0.29,17.76,15,20,10,12,1,52.24,0,0
2019,11,5,Sanità e assistenza sociale,1,0.29,17.74,12,16,9,1,4,53.74,0,0
2019,1,21,Immobiliare,1,0.29,17.72,6,10,2,0,22,67.65,0,0
2019,2,13,Sanità e assistenza sociale,1,0.29,17.67,9,14,4,0,15,59.41,0,0
2019,5,5,Sanità e assistenza sociale,1,0.29,17.63,14,19,10,5,2,50.68,0,0
2019,4,14,Amministrazione pubblica e difesa,1,0.29,17.60,15,20,10,12,1,52.24,0,0
2019,11,21,Amministrazione pubblica e difesa,1,0.29,17.59,12,16,9,1,4,53.74,0,0
2019,9,4,Altri servizi,1,0.29,17.57,21,26,16,25,0,52.11,0,0
2019,12,15,Amministrazione pubblica e difesa,1,0.29,17.54,9,13,5,0,14,48.58,0,0
2019,5,11,Trasporto e magazzinaggio,1,0.29,17.49,14,19,10,5,2,50.68,0,0
2019,5,18,"Alberghi, ristoranti e bar",1,0.28,17.47,14,19,10,5,2,50.68,0,0
2019,5,1,Trasporto e magazzinaggio,1,0.28,17.47,14,19,10,5,2,50.68,0,0
2019,11,9,"Attività professionali, scientifiche e tecniche",1,0.28,17.46,12,16,9,1,4,53.74,0,0
2019,6,21,Amministrazione pubblica e difesa,1,0.28,17.46,24,30,18,28,0,48.15,0,0
2019,8,1,Trasporto e magazzinaggio,1,0.28,17.44,26,31,20,31,0,46.75,0,0
2019,6,13,Informazione e comunicazione,1,0.28,17.38,24,30,18,28,0,48.15,0,0
2019,12,11,Altri servizi,1,0.28,17.38,9,13,5,0,14,48.58,0,0
2019,10,9,"Attività professionali, scientifiche e tecniche",1,0.28,17.37,17,22,13,18,0,52.38,0,0
2019,3,15,Amministrazione pubblica e difesa,1,0.28,17.37,12,18,7,8,5,52.83,0,0
2019,4,5,Sanità e assistenza sociale,1,0.28,17.24,15,20,10,12,1,52.24,0,0
2019,8,6,Immobiliare,1,0.28,17.24,26,31,20,31,0,46.75,0,0
2019,4,1,Trasporto e magazzinaggio,1,0.28,17.19,15,20,10,12,1,52.24,0,0
2019,8,4,Trasporto e magazzinaggio,1,0.28,17.18,26,31,20,31,0,46.75,0,0
2019,9,15,Amministrazione pubblica e difesa,1,0.28,17.11,21,26,16,25,0,52.11,0,0
2019,2,21,Amministrazione pubblica e difesa,1,0.28,17.05,9,14,4,0,15,59.41,0,0
2019,3,9,"Attività professionali, scientifiche e tecniche",1,0.28,17.04,12,18,7,8,5,52.83,0,0
2019,2,11,Altri servizi,1,0.28,16.88,9,14,4,0,15,59.41,0,0
2019,11,15,Amministrazione pubblica e difesa,1,0.27,16.84,12,16,9,1,4,53.74,0,0
2019,3,21,Amministrazione pubblica e difesa,1,0.27,16.83,12,18,7,8,5,52.83,0,0
2019,1,13,Informazione e comunicazione,1,0.27,16.77,6,10,2,0,22,67.65,0,0
2019,3,11,Altri servizi,1,0.27,16.74,12,18,7,8,5,52.83,0,0
2019,11,17,Amministrazione pubblica e difesa,1,0.27,16.74,12,16,9,1,4,53.74,0,0
2019,5,14,Amministrazione pubblica e difesa,1,0.27,16.74,14,19,10,5,2,50.68,0,0
2019,6,19,"Alberghi, ristoranti e bar",1,0.27,16.70,24,30,18,28,0,48.15,0,0
2019,6,4,Trasporto e magazzinaggio,1,0.27,16.68,24,30,18,28,0,48.15,0,0
2019,9,13,Informazione e comunicazione,1,0.27,16.66,21,26,16,25,0,52.11,0,0
2019,4,18,"Alberghi, ristoranti e bar",1,0.27,16.61,15,20,10,12,1,52.24,0,0
2019,9,4,Trasporto e magazzinaggio,1,0.27,16.56,21,26,16,25,0,52.11,0,0
2019,9,17,Amministrazione pubblica e difesa,1,0.27,16.53,21,26,16,25,0,52.11,0,0
2019,12,13,Informazione e comunicazione,1,0.27,16.51,9,13,5,0,14,48.58,0,0
2019,2,17,Amministrazione pubblica e difesa,1,0.27,16.50,9,14,4,0,15,59.41,0,0
2019,10,13,Informazione e comunicazione,1,0.27,16.47,17,22,13,18,0,52.38,0,0
2019,6,6,Immobiliare,1,0.27,16.46,24,30,18,28,0,48.15,0,0
2019,6,14,Informazione e comunicazione,1,0.27,16.44,24,30,18,28,0,48.15,0,0
2019,1,5,Istruzione,1,0.27,16.43,6,10,2,0,22,67.65,0,0
2019,3,17,Amministrazione pubblica e difesa,1,0.27,16.42,12,18,7,8,5,52.83,0,0
2019,12,4,Trasporto e magazzinaggio,1,0.27,16.41,9,13,5,0,14,48.58,0,0
2019,4,9,"Attività professionali, scientifiche e tecniche",1,0.27,16.38,15,20,10,12,1,52.24,0,0
2019,1,6,Immobiliare,1,0.27,16.38,6,10,2,0,22,67.65,0,0
2019,5,11,Altri servizi,1,0.27,16.37,14,19,10,5,2,50.68,0,0
2019,7,8,Istruzione,1,0.27,16.35,26,32,19,31,0,51.95,0,0
2019,7,7,Amministrazione pubblica e difesa,1,0.26,16.23,26,32,19,31,0,51.95,0,0
2019,6,15,Amministrazione pubblica e difesa,1,0.26,16.22,24,30,18,28,0,48.15,0,0
2019,12,7,Altri servizi,1,0.26,16.18,9,13,5,0,14,48.58,0,0
2019,12,7,"Alberghi, ristoranti e bar",1,0.26,16.16,9,13,5,0,14,48.58,0,0
2019,10,21,Amministrazione pubblica e difesa,1,0.26,16.14,17,22,13,18,0,52.38,0,0
2019,7,17,Finanza e assicurazione,1,0.26,16.13,26,32,19,31,0,51.95,0,0
2019,9,11,Altri servizi,1,0.26,16.11,21,26,16,25,0,52.11,0,0
2019,9,1,Trasporto e magazzinaggio,1,0.26,16.11,21,26,16,25,0,52.11,0,0
2019,2,16,Istruzione,1,0.26,16.03,9,14,4,0,15,59.41,0,0
2019,2,9,"Attività professionali, scientifiche e tecniche",1,0.26,16.03,9,14,4,0,15,59.41,0,0
2019,5,13,Informazione e comunicazione,1,0.26,16.02,14,19,10,5,2,50.68,0,0
2019,3,13,Informazione e comunicazione,1,0.26,16.01,12,18,7,8,5,52.83,0,0
2019,4,7,"Alberghi, ristoranti e bar",1,0.26,16.00,15,20,10,12,1,52.24,0,0
2019,10,7,"Alberghi, ristoranti e bar",1,0.26,15.99,17,22,13,18,0,52.38,0,0
2019,10,4,Trasporto e magazzinaggio,1,0.26,15.94,17,22,13,18,0,52.38,0,0
2019,2,8,Istruzione,1,0.26,15.91,9,14,4,0,15,59.41,0,0
2019,11,11,Altri servizi,1,0.26,15.89,12,16,9,1,4,53.74,0,0
2019,10,15,Amministrazione pubblica e difesa,1,0.26,15.88,17,22,13,18,0,52.38,0,0
2019,9,14,Informazione e comunicazione,1,0.26,15.87,21,26,16,25,0,52.11,0,0
2019,3,7,Altri servizi,1,0.26,15.87,12,18,7,8,5,52.83,0,0
2019,3,4,Trasporto e magazzinaggio,1,0.26,15.87,12,18,7,8,5,52.83,0,0
2019,11,13,Informazione e comunicazione,1,0.26,15.86,12,16,9,1,4,53.74,0,0
2019,2,7,Altri servizi,1,0.26,15.84,9,14,4,0,15,59.41,0,0
2019,1,4,Trasporto e magazzinaggio,1,0.26,15.80,6,10,2,0,22,67.65,0,0
2019,5,21,Amministrazione pubblica e difesa,1,0.26,15.77,14,19,10,5,2,50.68,0,0
2019,3,8,Istruzione,1,0.26,15.67,12,18,7,8,5,52.83,0,0
2019,7,1,"Attività professionali, scientifiche e tecniche",1,0.26,15.66,26,32,19,31,0,51.95,0,0
2019,12,8,Istruzione,1,0.25,15.61,9,13,5,0,14,48.58,0,0
2019,10,11,Altri servizi,1,0.25,15.61,17,22,13,18,0,52.38,0,0
2019,9,21,Amministrazione pubblica e difesa,1,0.25,15.61,21,26,16,25,0,52.11,0,0
2019,3,7,"Alberghi, ristoranti e bar",1,0.25,15.59,12,18,7,8,5,52.83,0,0
2019,9,7,Altri servizi,1,0.25,15.58,21,26,16,25,0,52.11,0,0
2019,10,17,Amministrazione pubblica e difesa,1,0.25,15.55,17,22,13,18,0,52.38,0,0
2019,1,14,Informazione e comunicazione,1,0.25,15.53,6,10,2,0,22,67.65,0,0
2019,4,15,Amministrazione pubblica e difesa,1,0.25,15.52,15,20,10,12,1,52.24,0,0
2019,1,17,Immobiliare,1,0.25,15.51,6,10,2,0,22,67.65,0,0
2019,1,7,"Alberghi, ristoranti e bar",1,0.25,15.51,6,10,2,0,22,67.65,0,0
2019,2,17,Istruzione,1,0.25,15.51,9,14,4,0,15,59.41,0,0
2019,7,17,Istruzione,1,0.25,15.49,26,32,19,31,0,51.95,0,0
2019,12,21,Immobiliare,1,0.25,15.47,9,13,5,0,14,48.58,0,0
2019,3,17,Istruzione,1,0.25,15.45,12,18,7,8,5,52.83,0,0
2019,4,11,Altri servizi,1,0.25,15.45,15,20,10,12,1,52.24,0,0
2019,9,21,Immobiliare,1,0.25,15.44,21,26,16,25,0,52.11,0,0
2019,8,17,Immobiliare,1,0.25,15.39,26,31,20,31,0,46.75,0,0
2019,2,4,Altri servizi,1,0.25,15.36,9,14,4,0,15,59.41,0,0
2019,11,8,Istruzione,1,0.25,15.36,12,16,9,1,4,53.74,0,0
2019,11,7,Altri servizi,1,0.25,15.33,12,16,9,1,4,53.74,0,0
2019,4,13,Informazione e comunicazione,1,0.25,15.33,15,20,10,12,1,52.24,0,0
2019,4,4,Trasporto e magazzinaggio,1,0.25,15.33,15,20,10,12,1,52.24,0,0
2019,3,4,Altri servizi,1,0.25,15.31,12,18,7,8,5,52.83,0,0
2019,6,8,Istruzione,1,0.25,15.31,24,30,18,28,0,48.15,0,0
2019,10,4,Altri servizi,1,0.25,15.30,17,22,13,18,0,52.38,0,0
2019,11,17,Istruzione,1,0.25,15.30,12,16,9,1,4,53.74,0,0
2019,7,19,"Attività professionali, scientifiche e tecniche",1,0.25,15.30,26,32,19,31,0,51.95,0,0
2019,4,21,Amministrazione pubblica e difesa,1,0.25,15.29,15,20,10,12,1,52.24,0,0
2019,1,13,Amministrazione pubblica e difesa,1,0.25,15.18,6,10,2,0,22,67.65,0,0
2019,12,4,Altri servizi,1,0.25,15.15,9,13,5,0,14,48.58,0,0
2019,12,13,Amministrazione pubblica e difesa,1,0.25,15.12,9,13,5,0,14,48.58,0,0
2019,5,17,Amministrazione pubblica e difesa,1,0.25,15.12,14,19,10,5,2,50.68,0,0
2019,5,15,Amministrazione pubblica e difesa,1,0.25,15.12,14,19,10,5,2,50.68,0,0
2019,5,9,"Attività professionali, scientifiche e tecniche",1,0.25,15.11,14,19,10,5,2,50.68,0,0
2019,12,17,Istruzione,1,0.25,15.08,9,13,5,0,14,48.58,0,0
2019,5,4,Altri servizi,1,0.25,15.08,14,19,10,5,2,50.68,0,0
2019,7,6,Amministrazione pubblica e difesa,1,0.25,15.05,26,32,19,31,0,51.95,0,0
2019,6,17,Immobiliare,1,0.24,15.01,24,30,18,28,0,48.15,0,0
2019,10,14,Informazione e comunicazione,1,0.24,14.98,17,22,13,18,0,52.38,0,0
2019,1,6,Amministrazione pubblica e difesa,1,0.24,14.97,6,10,2,0,22,67.65,0,0
2019,9,19,"Alberghi, ristoranti e bar",1,0.24,14.93,21,26,16,25,0,52.11,0,0
2019,4,17,Amministrazione pubblica e difesa,1,0.24,14.91,15,20,10,12,1,52.24,0,0
2019,2,13,Informazione e comunicazione,1,0.24,14.88,9,14,4,0,15,59.41,0,0
2019,5,7,Altri servizi,1,0.24,14.82,14,19,10,5,2,50.68,0,0
2019,11,7,"Alberghi, ristoranti e bar",1,0.24,14.82,12,16,9,1,4,53.74,0,0
2019,1,9,"Attività professionali, scientifiche e tecniche",1,0.24,14.81,6,10,2,0,22,67.65,0,0
2019,3,16,Istruzione,1,0.24,14.79,12,18,7,8,5,52.83,0,0
2019,11,4,Trasporto e magazzinaggio,1,0.24,14.77,12,16,9,1,4,53.74,0,0
2019,5,4,Trasporto e magazzinaggio,1,0.24,14.73,14,19,10,5,2,50.68,0,0
2019,10,8,Istruzione,1,0.24,14.66,17,22,13,18,0,52.38,0,0
2019,2,21,Immobiliare,1,0.24,14.66,9,14,4,0,15,59.41,0,0
2019,10,7,Altri servizi,1,0.24,14.65,17,22,13,18,0,52.38,0,0
2019,3,14,Informazione e comunicazione,1,0.24,14.63,12,18,7,8,5,52.83,0,0
2019,7,5,Immobiliare,1,0.24,14.63,26,32,19,31,0,51.95,0,0
2019,12,6,Amministrazione pubblica e difesa,1,0.24,14.55,9,13,5,0,14,48.58,0,0
2019,4,4,Altri servizi,1,0.24,14.54,15,20,10,12,1,52.24,0,0
2019,8,17,Finanza e assicurazione,1,0.24,14.54,26,31,20,31,0,46.75,0,0
2019,7,5,Servizi veterinari,1,0.24,14.53,26,32,19,31,0,51.95,0,0
2019,1,19,"Attività professionali, scientifiche e tecniche",1,0.24,14.51,6,10,2,0,22,67.65,0,0
2019,10,17,Istruzione,1,0.24,14.50,17,22,13,18,0,52.38,0,0
2019,9,8,Istruzione,1,0.24,14.49,21,26,16,25,0,52.11,0,0
2019,6,17,Istruzione,1,0.24,14.47,24,30,18,28,0,48.15,0,0
2019,7,11,"Attività professionali, scientifiche e tecniche",1,0.24,14.47,26,32,19,31,0,51.95,0,0
2019,10,19,"Attività professionali, scientifiche e tecniche",1,0.24,14.45,17,22,13,18,0,52.38,0,0
2019,12,14,Informazione e comunicazione,1,0.23,14.39,9,13,5,0,14,48.58,0,0
2019,5,14,Informazione e comunicazione,1,0.23,14.37,14,19,10,5,2,50.68,0,0
2019,1,17,Finanza e assicurazione,1,0.23,14.36,6,10,2,0,22,67.65,0,0
2019,3,7,Amministrazione pubblica e difesa,1,0.23,14.36,12,18,7,8,5,52.83,0,0
2019,11,21,Immobiliare,1,0.23,14.33,12,16,9,1,4,53.74,0,0
2019,2,4,Trasporto e magazzinaggio,1,0.23,14.33,9,14,4,0,15,59.41,0,0
2019,11,13,Amministrazione pubblica e difesa,1,0.23,14.33,12,16,9,1,4,53.74,0,0
2019,6,19,"Attività professionali, scientifiche e tecniche",1,0.23,14.24,24,30,18,28,0,48.15,0,0
2019,7,15,"Attività professionali, scientifiche e tecniche",1,0.23,14.23,26,32,19,31,0,51.95,0,0
2019,3,19,"Attività professionali, scientifiche e tecniche",1,0.23,14.21,12,18,7,8,5,52.83,0,0
2019,11,19,"Attività professionali, scientifiche e tecniche",1,0.23,14.20,12,16,9,1,4,53.74,0,0
2019,8,2,"Alberghi, ristoranti e bar",1,0.23,14.19,26,31,20,31,0,46.75,0,0
2019,8,5,Servizi veterinari,1,0.23,14.19,26,31,20,31,0,46.75,0,0
2019,12,6,Immobiliare,1,0.23,14.15,9,13,5,0,14,48.58,0,0
2019,2,5,Istruzione,1,0.23,14.14,9,14,4,0,15,59.41,0,0
2019,11,4,Altri servizi,1,0.23,14.13,12,16,9,1,4,53.74,0,0
2019,3,21,Immobiliare,1,0.23,14.13,12,18,7,8,5,52.83,0,0
2019,6,7,Amministrazione pubblica e difesa,1,0.23,14.13,24,30,18,28,0,48.15,0,0
2019,5,8,Istruzione,1,0.23,14.12,14,19,10,5,2,50.68,0,0
2019,2,7,"Alberghi, ristoranti e bar",1,0.23,14.05,9,14,4,0,15,59.41,0,0
2019,5,19,"Attività professionali, scientifiche e tecniche",1,0.23,14.04,14,19,10,5,2,50.68,0,0
2019,10,21,Immobiliare,1,0.23,14.03,17,22,13,18,0,52.38,0,0
2019,8,1,"Attività professionali, scientifiche e tecniche",1,0.23,14.03,26,31,20,31,0,46.75,0,0
2019,8,19,"Attività professionali, scientifiche e tecniche",1,0.23,14.02,26,31,20,31,0,46.75,0,0
2019,9,17,Immobiliare,1,0.23,13.99,21,26,16,25,0,52.11,0,0
2019,12,16,Istruzione,1,0.23,13.96,9,13,5,0,14,48.58,0,0
2019,9,6,Immobiliare,1,0.23,13.94,21,26,16,25,0,52.11,0,0
2019,4,7,Altri servizi,1,0.23,13.94,15,20,10,12,1,52.24,0,0
2019,7,6,Finanza e assicurazione,1,0.23,13.93,26,32,19,31,0,51.95,0,0
2019,5,17,Istruzione,1,0.23,13.92,14,19,10,5,2,50.68,0,0
2019,4,14,Informazione e comunicazione,1,0.23,13.90,15,20,10,12,1,52.24,0,0
2019,8,6,Amministrazione pubblica e difesa,1,0.23,13.88,26,31,20,31,0,46.75,0,0
2019,7,13,Amministrazione pubblica e difesa,1,0.23,13.84,26,32,19,31,0,51.95,0,0
2019,7,13,Finanza e assicurazione,1,0.23,13.83,26,32,19,31,0,51.95,0,0
2019,9,19,"Attività professionali, scientifiche e tecniche",1,0.23,13.81,21,26,16,25,0,52.11,0,0
2019,1,11,"Attività professionali, scientifiche e tecniche",1,0.22,13.80,6,10,2,0,22,67.65,0,0
2019,11,14,Informazione e comunicazione,1,0.22,13.78,12,16,9,1,4,53.74,0,0
2019,11,6,Amministrazione pubblica e difesa,1,0.22,13.76,12,16,9,1,4,53.74,0,0
2019,2,14,Informazione e comunicazione,1,0.22,13.74,9,14,4,0,15,59.41,0,0
2019,4,19,"Attività professionali, scientifiche e tecniche",1,0.22,13.68,15,20,10,12,1,52.24,0,0
2019,1,1,"Attività professionali, scientifiche e tecniche",1,0.22,13.66,6,10,2,0,22,67.65,0,0
2019,9,17,Istruzione,1,0.22,13.64,21,26,16,25,0,52.11,0,0
2019,7,16,Istruzione,1,0.22,13.63,26,32,19,31,0,51.95,0,0
2019,11,18,"Alberghi, ristoranti e bar",1,0.22,13.59,12,16,9,1,4,53.74,0,0
2019,7,6,Servizi veterinari,1,0.22,13.54,26,32,19,31,0,51.95,0,0
2019,1,9,Amministrazione pubblica e difesa,1,0.22,13.53,6,10,2,0,22,67.65,0,0
2019,2,6,Immobiliare,1,0.22,13.50,9,14,4,0,15,59.41,0,0
2019,2,7,Amministrazione pubblica e difesa,1,0.22,13.49,9,14,4,0,15,59.41,0,0
2019,10,19,"Alberghi, ristoranti e bar",1,0.22,13.47,17,22,13,18,0,52.38,0,0
2019,9,16,Istruzione,1,0.22,13.46,21,26,16,25,0,52.11,0,0
2019,9,1,"Attività professionali, scientifiche e tecniche",1,0.22,13.43,21,26,16,25,0,52.11,0,0
2019,10,16,Istruzione,1,0.22,13.40,17,22,13,18,0,52.38,0,0
2019,4,7,Amministrazione pubblica e difesa,1,0.22,13.39,15,20,10,12,1,52.24,0,0
2019,8,5,Immobiliare,1,0.22,13.33,26,31,20,31,0,46.75,0,0
2019,6,16,Istruzione,1,0.22,13.33,24,30,18,28,0,48.15,0,0
2019,5,21,Immobiliare,1,0.22,13.32,14,19,10,5,2,50.68,0,0
2019,6,6,Amministrazione pubblica e difesa,1,0.22,13.32,24,30,18,28,0,48.15,0,0
2019,10,13,Amministrazione pubblica e difesa,1,0.22,13.30,17,22,13,18,0,52.38,0,0
2019,8,15,"Attività professionali, scientifiche e tecniche",1,0.22,13.27,26,31,20,31,0,46.75,0,0
2019,6,17,Finanza e assicurazione,1,0.22,13.27,24,30,18,28,0,48.15,0,0
2019,11,16,Istruzione,1,0.22,13.25,12,16,9,1,4,53.74,0,0
2019,5,19,"Alberghi, ristoranti e bar",1,0.22,13.22,14,19,10,5,2,50.68,0,0
2019,4,8,Istruzione,1,0.22,13.21,15,20,10,12,1,52.24,0,0
2019,2,19,"Attività professionali, scientifiche e tecniche",1,0.22,13.20,9,14,4,0,15,59.41,0,0
2019,5,7,Amministrazione pubblica e difesa,1,0.21,13.17,14,19,10,5,2,50.68,0,0
2019,8,7,Amministrazione pubblica e difesa,1,0.21,13.16,26,31,20,31,0,46.75,0,0
2019,8,6,Servizi veterinari,1,0.21,13.15,26,31,20,31,0,46.75,0,0
2019,4,17,Istruzione,1,0.21,13.10,15,20,10,12,1,52.24,0,0
2019,6,1,"Attività professionali, scientifiche e tecniche",1,0.21,13.10,24,30,18,28,0,48.15,0,0
2019,7,21,Finanza e assicurazione,1,0.21,13.10,26,32,19,31,0,51.95,0,0
2019,8,8,Istruzione,1,0.21,13.09,26,31,20,31,0,46.75,0,0
2019,7,9,Sanità e assistenza sociale,1,0.21,13.09,26,32,19,31,0,51.95,0,0
2019,3,5,Istruzione,1,0.21,13.03,12,18,7,8,5,52.83,0,0
2019,11,6,Immobiliare,1,0.21,13.02,12,16,9,1,4,53.74,0,0
2019,12,19,"Alberghi, ristoranti e bar",1,0.21,12.99,9,13,5,0,14,48.58,0,0
2019,3,6,Immobiliare,1,0.21,12.98,12,18,7,8,5,52.83,0,0
2019,2,13,Amministrazione pubblica e difesa,1,0.21,12.95,9,14,4,0,15,59.41,0,0
2019,12,1,Trasporto e magazzinaggio,1,0.21,12.92,9,13,5,0,14,48.58,0,0
2019,12,11,"Attività professionali, scientifiche e tecniche",1,0.21,12.89,9,13,5,0,14,48.58,0,0
2019,12,1,"Attività professionali, scientifiche e tecniche",1,0.21,12.89,9,13,5,0,14,48.58,0,0
2019,8,6,Finanza e assicurazione,1,0.21,12.85,26,31,20,31,0,46.75,0,0
2019,7,4,"Attività professionali, scientifiche e tecniche",1,0.21,12.84,26,32,19,31,0,51.95,0,0
2019,10,7,Amministrazione pubblica e difesa,1,0.21,12.78,17,22,13,18,0,52.38,0,0
2019,12,7,Amministrazione pubblica e difesa,1,0.21,12.77,9,13,5,0,14,48.58,0,0
2019,1,6,Finanza e assicurazione,1,0.21,12.76,6,10,2,0,22,67.65,0,0
2019,2,6,Amministrazione pubblica e difesa,1,0.21,12.76,9,14,4,0,15,59.41,0,0
2019,2,17,Immobiliare,1,0.21,12.75,9,14,4,0,15,59.41,0,0
2019,12,17,Immobiliare,1,0.21,12.73,9,13,5,0,14,48.58,0,0
2019,9,7,Amministrazione pubblica e difesa,1,0.21,12.72,21,26,16,25,0,52.11,0,0
2019,8,11,"Attività professionali, scientifiche e tecniche",1,0.21,12.72,26,31,20,31,0,46.75,0,0
2019,8,13,Amministrazione pubblica e difesa,1,0.21,12.65,26,31,20,31,0,46.75,0,0
2019,1,7,Amministrazione pubblica e difesa,1,0.21,12.64,6,10,2,0,22,67.65,0,0
2019,1,21,Istruzione,1,0.21,12.63,6,10,2,0,22,67.65,0,0
2019,3,13,Amministrazione pubblica e difesa,1,0.21,12.62,12,18,7,8,5,52.83,0,0
2019,4,19,"Alberghi, ristoranti e bar",1,0.21,12.62,15,20,10,12,1,52.24,0,0
2019,3,6,Amministrazione pubblica e difesa,1,0.21,12.60,12,18,7,8,5,52.83,0,0
2019,5,16,Istruzione,1,0.21,12.59,14,19,10,5,2,50.68,0,0
2019,4,21,Immobiliare,1,0.20,12.57,15,20,10,12,1,52.24,0,0
2019,12,5,Istruzione,1,0.20,12.56,9,13,5,0,14,48.58,0,0
2019,8,13,Finanza e assicurazione,1,0.20,12.55,26,31,20,31,0,46.75,0,0
2019,8,17,Istruzione,1,0.20,12.51,26,31,20,31,0,46.75,0,0
2019,7,2,"Alberghi, ristoranti e bar",1,0.20,12.51,26,32,19,31,0,51.95,0,0
2019,7,15,Informazione e comunicazione,1,0.20,12.49,26,32,19,31,0,51.95,0,0
2019,8,4,"Attività professionali, scientifiche e tecniche",1,0.20,12.48,26,31,20,31,0,46.75,0,0
2019,3,17,Immobiliare,1,0.20,12.45,12,18,7,8,5,52.83,0,0
2019,10,6,Amministrazione pubblica e difesa,1,0.20,12.43,17,22,13,18,0,52.38,0,0
2019,3,1,"Attività professionali, scientifiche e tecniche",1,0.20,12.40,12,18,7,8,5,52.83,0,0
2019,10,1,"Attività professionali, scientifiche e tecniche",1,0.20,12.40,17,22,13,18,0,52.38,0,0
2019,6,5,Immobiliare,1,0.20,12.36,24,30,18,28,0,48.15,0,0
2019,1,5,Immobiliare,1,0.20,12.31,6,10,2,0,22,67.65,0,0
2019,9,6,Amministrazione pubblica e difesa,1,0.20,12.31,21,26,16,25,0,52.11,0,0
2019,8,2,Commercio,1,0.20,12.30,26,31,20,31,0,46.75,0,0
2019,8,4,Amministrazione pubblica e difesa,1,0.20,12.30,26,31,20,31,0,46.75,0,0
2019,2,1,"Attività professionali, scientifiche e tecniche",1,0.20,12.29,9,14,4,0,15,59.41,0,0
2019,11,17,Immobiliare,1,0.20,12.27,12,16,9,1,4,53.74,0,0
2019,6,11,"Attività professionali, scientifiche e tecniche",1,0.20,12.27,24,30,18,28,0,48.15,0,0
2019,1,19,"Alberghi, ristoranti e bar",1,0.20,12.27,6,10,2,0,22,67.65,0,0
2019,8,15,Informazione e comunicazione,1,0.20,12.26,26,31,20,31,0,46.75,0,0
2019,10,6,Immobiliare,1,0.20,12.26,17,22,13,18,0,52.38,0,0
2019,8,9,Sanità e assistenza sociale,1,0.20,12.25,26,31,20,31,0,46.75,0,0
2019,7,4,Amministrazione pubblica e difesa,1,0.20,12.19,26,32,19,31,0,51.95,0,0
2019,10,17,Immobiliare,1,0.20,12.18,17,22,13,18,0,52.38,0,0
2019,11,19,"Alberghi, ristoranti e bar",1,0.20,12.11,12,16,9,1,4,53.74,0,0
2019,3,19,"Alberghi, ristoranti e bar",1,0.20,12.10,12,18,7,8,5,52.83,0,0
2019,11,1,"Attività professionali, scientifiche e tecniche",1,0.20,12.09,12,16,9,1,4,53.74,0,0
2019,7,2,Commercio,1,0.20,12.06,26,32,19,31,0,51.95,0,0
2019,9,5,Immobiliare,1,0.20,12.04,21,26,16,25,0,52.11,0,0
2019,9,17,Finanza e assicurazione,1,0.20,12.02,21,26,16,25,0,52.11,0,0
2019,1,4,Amministrazione pubblica e difesa,1,0.20,12.01,6,10,2,0,22,67.65,0,0
2019,8,21,Finanza e assicurazione,1,0.20,11.98,26,31,20,31,0,46.75,0,0
2019,6,5,Servizi veterinari,1,0.20,11.98,24,30,18,28,0,48.15,0,0
2019,1,13,Finanza e assicurazione,1,0.20,11.97,6,10,2,0,22,67.65,0,0
2019,3,17,Finanza e assicurazione,1,0.19,11.96,12,18,7,8,5,52.83,0,0
2019,11,1,Trasporto e magazzinaggio,1,0.19,11.95,12,16,9,1,4,53.74,0,0
2019,6,13,Amministrazione pubblica e difesa,1,0.19,11.94,24,30,18,28,0,48.15,0,0
2019,11,5,Istruzione,1,0.19,11.94,12,16,9,1,4,53.74,0,0
2019,6,13,Finanza e assicurazione,1,0.19,11.93,24,30,18,28,0,48.15,0,0
2019,6,6,Servizi veterinari,1,0.19,11.92,24,30,18,28,0,48.15,0,0
2019,5,17,Immobiliare,1,0.19,11.90,14,19,10,5,2,50.68,0,0
2019,5,6,Immobiliare,1,0.19,11.89,14,19,10,5,2,50.68,0,0
2019,1,4,"Attività professionali, scientifiche e tecniche",1,0.19,11.89,6,10,2,0,22,67.65,0,0
2019,9,13,Amministrazione pubblica e difesa,1,0.19,11.84,21,26,16,25,0,52.11,0,0
2019,2,17,Finanza e assicurazione,1,0.19,11.82,9,14,4,0,15,59.41,0,0
2019,5,6,Amministrazione pubblica e difesa,1,0.19,11.81,14,19,10,5,2,50.68,0,0
2019,1,15,"Attività professionali, scientifiche e tecniche",1,0.19,11.80,6,10,2,0,22,67.65,0,0
2019,9,5,Servizi veterinari,1,0.19,11.79,21,26,16,25,0,52.11,0,0
2019,4,16,Istruzione,1,0.19,11.78,15,20,10,12,1,52.24,0,0
2019,6,6,Finanza e assicurazione,1,0.19,11.77,24,30,18,28,0,48.15,0,0
2019,11,7,Amministrazione pubblica e difesa,1,0.19,11.77,12,16,9,1,4,53.74,0,0
2019,4,6,Immobiliare,1,0.19,11.75,15,20,10,12,1,52.24,0,0
2019,5,1,"Attività professionali, scientifiche e tecniche",1,0.19,11.73,14,19,10,5,2,50.68,0,0
2019,8,15,Trasporto e magazzinaggio,1,0.19,11.71,26,31,20,31,0,46.75,0,0
2019,2,11,"Attività professionali, scientifiche e tecniche",1,0.19,11.69,9,14,4,0,15,59.41,0,0
2019,12,19,"Attività professionali, scientifiche e tecniche",1,0.19,11.68,9,13,5,0,14,48.58,0,0
2019,10,1,Trasporto e magazzinaggio,1,0.19,11.67,17,22,13,18,0,52.38,0,0
2019,4,17,Immobiliare,1,0.19,11.59,15,20,10,12,1,52.24,0,0
2019,9,15,"Attività professionali, scientifiche e tecniche",1,0.19,11.57,21,26,16,25,0,52.11,0,0
2019,5,13,Amministrazione pubblica e difesa,1,0.19,11.55,14,19,10,5,2,50.68,0,0
2019,4,13,Amministrazione pubblica e difesa,1,0.19,11.55,15,20,10,12,1,52.24,0,0
2019,7,7,"Attività professionali, scientifiche e tecniche",1,0.19,11.54,26,32,19,31,0,51.95,0,0
2019,1,21,Finanza e assicurazione,1,0.19,11.53,6,10,2,0,22,67.65,0,0
2019,12,17,Finanza e assicurazione,1,0.19,11.49,9,13,5,0,14,48.58,0,0
2019,12,4,Amministrazione pubblica e difesa,1,0.19,11.49,9,13,5,0,14,48.58,0,0
2019,11,11,"Attività professionali, scientifiche e tecniche",1,0.19,11.49,12,16,9,1,4,53.74,0,0
2019,5,5,Istruzione,1,0.19,11.44,14,19,10,5,2,50.68,0,0
2019,6,21,Finanza e assicurazione,1,0.19,11.38,24,30,18,28,0,48.15,0,0
2019,9,11,"Attività professionali, scientifiche e tecniche",1,0.19,11.36,21,26,16,25,0,52.11,0,0
2019,7,15,Trasporto e magazzinaggio,1,0.18,11.34,26,32,19,31,0,51.95,0,0
2019,7,9,Informazione e comunicazione,1,0.18,11.32,26,32,19,31,0,51.95,0,0
2019,10,18,Commercio,1,0.18,11.30,17,22,13,18,0,52.38,0,0
2019,4,6,Amministrazione pubblica e difesa,1,0.18,11.25,15,20,10,12,1,52.24,0,0
2019,1,7,"Attività professionali, scientifiche e tecniche",1,0.18,11.25,6,10,2,0,22,67.65,0,0
2019,7,19,Altri servizi,1,0.18,11.20,26,32,19,31,0,51.95,0,0
2019,1,14,Istruzione,1,0.18,11.18,6,10,2,0,22,67.65,0,0
2019,8,4,Informazione e comunicazione,1,0.18,11.17,26,31,20,31,0,46.75,0,0
2019,10,5,Istruzione,1,0.18,11.15,17,22,13,18,0,52.38,0,0
2019,10,11,"Attività professionali, scientifiche e tecniche",1,0.18,11.11,17,22,13,18,0,52.38,0,0
2019,7,4,Informazione e comunicazione,1,0.18,11.09,26,32,19,31,0,51.95,0,0
2019,6,15,Informazione e comunicazione,1,0.18,11.09,24,30,18,28,0,48.15,0,0
2019,4,1,"Attività professionali, scientifiche e tecniche",1,0.18,11.08,15,20,10,12,1,52.24,0,0
2019,2,5,Immobiliare,1,0.18,11.07,9,14,4,0,15,59.41,0,0
2019,9,15,Informazione e comunicazione,1,0.18,11.06,21,26,16,25,0,52.11,0,0
2019,12,7,"Attività professionali, scientifiche e tecniche",1,0.18,11.05,9,13,5,0,14,48.58,0,0
2019,3,11,"Attività professionali, scientifiche e tecniche",1,0.18,11.02,12,18,7,8,5,52.83,0,0
2019,3,13,Finanza e assicurazione,1,0.18,11.00,12,18,7,8,5,52.83,0,0
2019,6,15,"Attività professionali, scientifiche e tecniche",1,0.18,10.94,24,30,18,28,0,48.15,0,0
2019,8,9,Informazione e comunicazione,1,0.18,10.90,26,31,20,31,0,46.75,0,0
2019,6,4,"Attività professionali, scientifiche e tecniche",1,0.18,10.87,24,30,18,28,0,48.15,0,0
2019,6,2,Commercio,1,0.18,10.85,24,30,18,28,0,48.15,0,0
2019,1,19,Altri servizi,1,0.18,10.83,6,10,2,0,22,67.65,0,0
2019,1,5,Servizi veterinari,1,0.18,10.83,6,10,2,0,22,67.65,0,0
2019,8,16,Istruzione,1,0.18,10.80,26,31,20,31,0,46.75,0,0
2019,6,2,"Alberghi, ristoranti e bar",1,0.18,10.80,24,30,18,28,0,48.15,0,0
2019,9,4,Amministrazione pubblica e difesa,1,0.18,10.80,21,26,16,25,0,52.11,0,0
2019,7,5,Istruzione,1,0.18,10.78,26,32,19,31,0,51.95,0,0
2019,1,20,Trasporto e magazzinaggio,1,0.18,10.76,6,10,2,0,22,67.65,0,0
2019,2,19,"Alberghi, ristoranti e bar",1,0.18,10.75,9,14,4,0,15,59.41,0,0
2019,7,13,Immobiliare,1,0.18,10.73,26,32,19,31,0,51.95,0,0
2019,2,21,Istruzione,1,0.17,10.72,9,14,4,0,15,59.41,0,0
2019,5,13,Finanza e assicurazione,1,0.17,10.71,14,19,10,5,2,50.68,0,0
2019,12,15,"Attività professionali, scientifiche e tecniche",1,0.17,10.67,9,13,5,0,14,48.58,0,0
2019,1,2,Commercio,1,0.17,10.66,6,10,2,0,22,67.65,0,0
2019,12,5,Immobiliare,1,0.17,10.66,9,13,5,0,14,48.58,0,0
2019,10,4,Amministrazione pubblica e difesa,1,0.17,10.64,17,22,13,18,0,52.38,0,0
2019,11,21,Istruzione,1,0.17,10.64,12,16,9,1,4,53.74,0,0
2019,4,17,Finanza e assicurazione,1,0.17,10.63,15,20,10,12,1,52.24,0,0
2019,11,17,Finanza e assicurazione,1,0.17,10.63,12,16,9,1,4,53.74,0,0
2019,10,15,Informazione e comunicazione,1,0.17,10.60,17,22,13,18,0,52.38,0,0
2019,1,15,Informazione e comunicazione,1,0.17,10.58,6,10,2,0,22,67.65,0,0
2019,10,17,Finanza e assicurazione,1,0.17,10.57,17,22,13,18,0,52.38,0,0
2019,1,13,Immobiliare,1,0.17,10.54,6,10,2,0,22,67.65,0,0
2019,7,5,Finanza e assicurazione,1,0.17,10.53,26,32,19,31,0,51.95,0,0
2019,6,7,"Attività professionali, scientifiche e tecniche",1,0.17,10.53,24,30,18,28,0,48.15,0,0
2019,2,13,Finanza e assicurazione,1,0.17,10.52,9,14,4,0,15,59.41,0,0
2019,12,13,Finanza e assicurazione,1,0.17,10.52,9,13,5,0,14,48.58,0,0
2019,5,17,Finanza e assicurazione,1,0.17,10.51,14,19,10,5,2,50.68,0,0
2019,12,21,Istruzione,1,0.17,10.50,9,13,5,0,14,48.58,0,0
2019,9,5,Istruzione,1,0.17,10.49,21,26,16,25,0,52.11,0,0
2019,10,5,Immobiliare,1,0.17,10.48,17,22,13,18,0,52.38,0,0
2019,8,7,"Attività professionali, scientifiche e tecniche",1,0.17,10.47,26,31,20,31,0,46.75,0,0
2019,4,13,Finanza e assicurazione,1,0.17,10.46,15,20,10,12,1,52.24,0,0
2019,6,5,Istruzione,1,0.17,10.45,24,30,18,28,0,48.15,0,0
2019,9,13,Finanza e assicurazione,1,0.17,10.42,21,26,16,25,0,52.11,0,0
2019,5,11,"Attività professionali, scientifiche e tecniche",1,0.17,10.41,14,19,10,5,2,50.68,0,0
2019,4,5,Istruzione,1,0.17,10.37,15,20,10,12,1,52.24,0,0
2019,9,4,"Attività professionali, scientifiche e tecniche",1,0.17,10.37,21,26,16,25,0,52.11,0,0
2019,11,7,"Attività professionali, scientifiche e tecniche",1,0.17,10.36,12,16,9,1,4,53.74,0,0
2019,11,4,Amministrazione pubblica e difesa,1,0.17,10.36,12,16,9,1,4,53.74,0,0
2019,2,6,Finanza e assicurazione,1,0.17,10.31,9,14,4,0,15,59.41,0,0
2019,10,15,"Attività professionali, scientifiche e tecniche",1,0.17,10.27,17,22,13,18,0,52.38,0,0
2019,9,2,Commercio,1,0.17,10.25,21,26,16,25,0,52.11,0,0
2019,2,4,"Attività professionali, scientifiche e tecniche",1,0.17,10.24,9,14,4,0,15,59.41,0,0
2019,11,15,"Attività professionali, scientifiche e tecniche",1,0.17,10.24,12,16,9,1,4,53.74,0,0
2019,3,15,Informazione e comunicazione,1,0.17,10.20,12,18,7,8,5,52.83,0,0
2019,5,15,Informazione e comunicazione,1,0.17,10.19,14,19,10,5,2,50.68,0,0
2019,6,9,Informazione e comunicazione,1,0.17,10.17,24,30,18,28,0,48.15,0,0
2019,2,4,Amministrazione pubblica e difesa,1,0.17,10.16,9,14,4,0,15,59.41,0,0
2019,6,4,Informazione e comunicazione,1,0.17,10.16,24,30,18,28,0,48.15,0,0
2019,9,6,Servizi veterinari,1,0.17,10.14,21,26,16,25,0,52.11,0,0
2019,6,19,Altri servizi,1,0.17,10.12,24,30,18,28,0,48.15,0,0
2019,12,15,Informazione e comunicazione,1,0.16,10.12,9,13,5,0,14,48.58,0,0
2019,6,4,Amministrazione pubblica e difesa,1,0.16,10.09,24,30,18,28,0,48.15,0,0
2019,1,9,Informazione e comunicazione,1,0.16,10.05,6,10,2,0,22,67.65,0,0
2019,4,11,"Attività professionali, scientifiche e tecniche",1,0.16,10.03,15,20,10,12,1,52.24,0,0
2019,10,13,Finanza e assicurazione,1,0.16,10.02,17,22,13,18,0,52.38,0,0
2019,12,2,Commercio,1,0.16,9.99,9,13,5,0,14,48.58,0,0
2019,10,7,"Attività professionali, scientifiche e tecniche",1,0.16,9.94,17,22,13,18,0,52.38,0,0
2019,11,13,Finanza e assicurazione,1,0.16,9.94,12,16,9,1,4,53.74,0,0
2019,3,4,"Attività professionali, scientifiche e tecniche",1,0.16,9.90,12,18,7,8,5,52.83,0,0
2019,9,9,Informazione e comunicazione,1,0.16,9.90,21,26,16,25,0,52.11,0,0
2019,8,19,Altri servizi,1,0.16,9.89,26,31,20,31,0,46.75,0,0
2019,9,4,Informazione e comunicazione,1,0.16,9.88,21,26,16,25,0,52.11,0,0
2019,11,15,Informazione e comunicazione,1,0.16,9.88,12,16,9,1,4,53.74,0,0
2019,9,7,"Attività professionali, scientifiche e tecniche",1,0.16,9.83,21,26,16,25,0,52.11,0,0
2019,3,5,Immobiliare,1,0.16,9.81,12,18,7,8,5,52.83,0,0
2019,4,15,Informazione e comunicazione,1,0.16,9.81,15,20,10,12,1,52.24,0,0
2019,10,5,Servizi veterinari,1,0.16,9.80,17,22,13,18,0,52.38,0,0
2019,3,21,Istruzione,1,0.16,9.79,12,18,7,8,5,52.83,0,0
2019,1,4,Informazione e comunicazione,1,0.16,9.79,6,10,2,0,22,67.65,0,0
2019,2,15,"Attività professionali, scientifiche e tecniche",1,0.16,9.77,9,14,4,0,15,59.41,0,0
2019,3,6,Finanza e assicurazione,1,0.16,9.76,12,18,7,8,5,52.83,0,0
2019,3,7,"Attività professionali, scientifiche e tecniche",1,0.16,9.74,12,18,7,8,5,52.83,0,0
2019,3,9,Informazione e comunicazione,1,0.16,9.69,12,18,7,8,5,52.83,0,0
2019,10,2,Commercio,1,0.16,9.68,17,22,13,18,0,52.38,0,0
2019,11,5,Immobiliare,1,0.16,9.66,12,16,9,1,4,53.74,0,0
2019,2,7,"Attività professionali, scientifiche e tecniche",1,0.16,9.66,9,14,4,0,15,59.41,0,0
2019,9,2,"Alberghi, ristoranti e bar",1,0.16,9.65,21,26,16,25,0,52.11,0,0
2019,3,15,"Attività professionali, scientifiche e tecniche",1,0.16,9.64,12,18,7,8,5,52.83,0,0
2019,11,5,Servizi veterinari,1,0.16,9.63,12,16,9,1,4,53.74,0,0
2019,3,4,Amministrazione pubblica e difesa,1,0.16,9.62,12,18,7,8,5,52.83,0,0
2019,5,5,Immobiliare,1,0.16,9.59,14,19,10,5,2,50.68,0,0
2019,2,14,Istruzione,1,0.16,9.59,9,14,4,0,15,59.41,0,0
2019,10,9,Informazione e comunicazione,1,0.16,9.59,17,22,13,18,0,52.38,0,0
2019,3,5,Servizi veterinari,1,0.16,9.59,12,18,7,8,5,52.83,0,0
2019,11,18,Commercio,1,0.16,9.58,12,16,9,1,4,53.74,0,0
2019,12,18,Commercio,1,0.16,9.54,9,13,5,0,14,48.58,0,0
2019,12,9,Informazione e comunicazione,1,0.16,9.51,9,13,5,0,14,48.58,0,0
2019,12,13,Immobiliare,1,0.15,9.46,9,13,5,0,14,48.58,0,0
2019,1,5,Finanza e assicurazione,1,0.15,9.45,6,10,2,0,22,67.65,0,0
2019,12,5,Servizi veterinari,1,0.15,9.45,9,13,5,0,14,48.58,0,0
2019,2,21,Finanza e assicurazione,1,0.15,9.42,9,14,4,0,15,59.41,0,0
2019,5,9,Informazione e comunicazione,1,0.15,9.41,14,19,10,5,2,50.68,0,0
2019,3,19,Altri servizi,1,0.15,9.41,12,18,7,8,5,52.83,0,0
2019,2,15,Informazione e comunicazione,1,0.15,9.39,9,14,4,0,15,59.41,0,0
2019,10,4,Informazione e comunicazione,1,0.15,9.38,17,22,13,18,0,52.38,0,0
2019,3,2,Commercio,1,0.15,9.37,12,18,7,8,5,52.83,0,0
2019,10,21,Istruzione,1,0.15,9.36,17,22,13,18,0,52.38,0,0
2019,12,4,"Attività professionali, scientifiche e tecniche",1,0.15,9.34,9,13,5,0,14,48.58,0,0
2019,11,2,Commercio,1,0.15,9.33,12,16,9,1,4,53.74,0,0
2019,2,2,Commercio,1,0.15,9.32,9,14,4,0,15,59.41,0,0
2019,12,20,Trasporto e magazzinaggio,1,0.15,9.30,9,13,5,0,14,48.58,0,0
2019,5,7,"Attività professionali, scientifiche e tecniche",1,0.15,9.29,14,19,10,5,2,50.68,0,0
2019,7,9,Amministrazione pubblica e difesa,1,0.15,9.29,26,32,19,31,0,51.95,0,0
2019,8,13,Immobiliare,1,0.15,9.24,26,31,20,31,0,46.75,0,0
2019,10,6,Servizi veterinari,1,0.15,9.23,17,22,13,18,0,52.38,0,0
2019,12,6,Finanza e assicurazione,1,0.15,9.22,9,13,5,0,14,48.58,0,0
2019,11,9,Informazione e comunicazione,1,0.15,9.22,12,16,9,1,4,53.74,0,0
2019,12,19,Altri servizi,1,0.15,9.20,9,13,5,0,14,48.58,0,0
2019,3,4,Informazione e comunicazione,1,0.15,9.18,12,18,7,8,5,52.83,0,0
2019,2,5,Servizi veterinari,1,0.15,9.18,9,14,4,0,15,59.41,0,0
2019,4,9,Informazione e comunicazione,1,0.15,9.18,15,20,10,12,1,52.24,0,0
2019,9,18,Commercio,1,0.15,9.17,21,26,16,25,0,52.11,0,0
2019,2,19,Altri servizi,1,0.15,9.16,9,14,4,0,15,59.41,0,0
2019,1,6,Istruzione,1,0.15,9.15,6,10,2,0,22,67.65,0,0
2019,7,1,Informazione e comunicazione,1,0.15,9.12,26,32,19,31,0,51.95,0,0
2019,5,2,Commercio,1,0.15,9.11,14,19,10,5,2,50.68,0,0
2019,3,21,Finanza e assicurazione,1,0.15,9.10,12,18,7,8,5,52.83,0,0
2019,1,18,Commercio,1,0.15,9.10,6,10,2,0,22,67.65,0,0
2019,7,21,Servizi veterinari,1,0.15,9.09,26,32,19,31,0,51.95,0,0
2019,8,5,Finanza e assicurazione,1,0.15,9.09,26,31,20,31,0,46.75,0,0
2019,5,5,Servizi veterinari,1,0.15,9.08,14,19,10,5,2,50.68,0,0
2019,7,14,Immobiliare,1,0.15,9.07,26,32,19,31,0,51.95,0,0
2019,8,1,Informazione e comunicazione,1,0.15,9.06,26,31,20,31,0,46.75,0,0
2019,8,14,Immobiliare,1,0.15,9.05,26,31,20,31,0,46.75,0,0
2019,4,5,Immobiliare,1,0.15,9.05,15,20,10,12,1,52.24,0,0
2019,5,4,"Attività professionali, scientifiche e tecniche",1,0.15,9.04,14,19,10,5,2,50.68,0,0
2019,6,13,Immobiliare,1,0.15,9.03,24,30,18,28,0,48.15,0,0
2019,2,9,Informazione e comunicazione,1,0.15,9.02,9,14,4,0,15,59.41,0,0
2019,4,5,Servizi veterinari,1,0.15,9.02,15,20,10,12,1,52.24,0,0
2019,5,4,Informazione e comunicazione,1,0.15,9.01,14,19,10,5,2,50.68,0,0
2019,12,4,Informazione e comunicazione,1,0.15,9.01,9,13,5,0,14,48.58,0,0
2019,4,15,"Attività professionali, scientifiche e tecniche",1,0.15,8.98,15,20,10,12,1,52.24,0,0
2019,6,9,Sanità e assistenza sociale,1,0.15,8.98,24,30,18,28,0,48.15,0,0
2019,5,21,Istruzione,1,0.15,8.98,14,19,10,5,2,50.68,0,0
2019,9,9,Sanità e assistenza sociale,1,0.15,8.98,21,26,16,25,0,52.11,0,0
2019,9,6,Finanza e assicurazione,1,0.15,8.98,21,26,16,25,0,52.11,0,0
2019,11,13,Immobiliare,1,0.15,8.96,12,16,9,1,4,53.74,0,0
2019,9,21,Finanza e assicurazione,1,0.15,8.94,21,26,16,25,0,52.11,0,0
2019,12,21,Finanza e assicurazione,1,0.15,8.92,9,13,5,0,14,48.58,0,0
2019,5,15,"Attività professionali, scientifiche e tecniche",1,0.15,8.90,14,19,10,5,2,50.68,0,0
2019,5,19,Altri servizi,1,0.15,8.89,14,19,10,5,2,50.68,0,0
2019,2,13,Immobiliare,1,0.14,8.89,9,14,4,0,15,59.41,0,0
2019,4,4,"Attività professionali, scientifiche e tecniche",1,0.14,8.88,15,20,10,12,1,52.24,0,0
2019,9,15,Trasporto e magazzinaggio,1,0.14,8.86,21,26,16,25,0,52.11,0,0
2019,12,14,Istruzione,1,0.14,8.86,9,13,5,0,14,48.58,0,0
2019,10,4,"Attività professionali, scientifiche e tecniche",1,0.14,8.83,17,22,13,18,0,52.38,0,0
2019,4,7,"Attività professionali, scientifiche e tecniche",1,0.14,8.83,15,20,10,12,1,52.24,0,0
2019,3,14,Istruzione,1,0.14,8.81,12,18,7,8,5,52.83,0,0
2019,12,6,Servizi veterinari,1,0.14,8.80,9,13,5,0,14,48.58,0,0
2019,4,2,Commercio,1,0.14,8.79,15,20,10,12,1,52.24,0,0
2019,5,6,Servizi veterinari,1,0.14,8.76,14,19,10,5,2,50.68,0,0
2019,5,6,Finanza e assicurazione,1,0.14,8.75,14,19,10,5,2,50.68,0,0
2019,8,9,Amministrazione pubblica e difesa,1,0.14,8.72,26,31,20,31,0,46.75,0,0
2019,4,4,Informazione e comunicazione,1,0.14,8.71,15,20,10,12,1,52.24,0,0
2019,8,21,Servizi veterinari,1,0.14,8.70,26,31,20,31,0,46.75,0,0
2019,6,21,Servizi veterinari,1,0.14,8.70,24,30,18,28,0,48.15,0,0
2019,7,14,Finanza e assicurazione,1,0.14,8.70,26,32,19,31,0,51.95,0,0
2019,11,4,Informazione e comunicazione,1,0.14,8.69,12,16,9,1,4,53.74,0,0
2019,4,6,Finanza e assicurazione,1,0.14,8.65,15,20,10,12,1,52.24,0,0
2019,2,4,Informazione e comunicazione,1,0.14,8.62,9,14,4,0,15,59.41,0,0
2019,7,2,"Attività professionali, scientifiche e tecniche",1,0.14,8.62,26,32,19,31,0,51.95,0,0
2019,11,19,Altri servizi,1,0.14,8.60,12,16,9,1,4,53.74,0,0
2019,1,1,Amministrazione pubblica e difesa,1,0.14,8.59,6,10,2,0,22,67.65,0,0
2019,6,15,Trasporto e magazzinaggio,1,0.14,8.58,24,30,18,28,0,48.15,0,0
2019,7,1,Sanità e assistenza sociale,1,0.14,8.56,26,32,19,31,0,51.95,0,0
2019,4,19,Altri servizi,1,0.14,8.55,15,20,10,12,1,52.24,0,0
2019,12,9,Sanità e assistenza sociale,1,0.14,8.55,9,13,5,0,14,48.58,0,0
2019,1,6,Servizi veterinari,1,0.14,8.54,6,10,2,0,22,67.65,0,0
2019,7,15,Sanità e assistenza sociale,1,0.14,8.54,26,32,19,31,0,51.95,0,0
2019,11,6,Servizi veterinari,1,0.14,8.53,12,16,9,1,4,53.74,0,0
2019,1,13,Istruzione,1,0.14,8.51,6,10,2,0,22,67.65,0,0
2019,1,14,Finanza e assicurazione,1,0.14,8.51,6,10,2,0,22,67.65,0,0
2019,1,1,Informazione e comunicazione,1,0.14,8.50,6,10,2,0,22,67.65,0,0
2019,10,19,Altri servizi,1,0.14,8.49,17,22,13,18,0,52.38,0,0
2019,6,1,Informazione e comunicazione,1,0.14,8.47,24,30,18,28,0,48.15,0,0
2019,4,21,Istruzione,1,0.14,8.44,15,20,10,12,1,52.24,0,0
2019,11,4,"Attività professionali, scientifiche e tecniche",1,0.14,8.41,12,16,9,1,4,53.74,0,0
2019,5,21,Finanza e assicurazione,1,0.14,8.41,14,19,10,5,2,50.68,0,0
2019,4,4,Amministrazione pubblica e difesa,1,0.14,8.41,15,20,10,12,1,52.24,0,0
2019,3,6,Servizi veterinari,1,0.14,8.40,12,18,7,8,5,52.83,0,0
2019,6,5,Finanza e assicurazione,1,0.14,8.40,24,30,18,28,0,48.15,0,0
2019,9,19,Altri servizi,1,0.14,8.37,21,26,16,25,0,52.11,0,0
2019,7,11,Informazione e comunicazione,1,0.14,8.36,26,32,19,31,0,51.95,0,0
2019,7,16,Finanza e assicurazione,1,0.14,8.36,26,32,19,31,0,51.95,0,0
2019,8,18,Commercio,1,0.14,8.35,26,31,20,31,0,46.75,0,0
2019,7,16,Immobiliare,1,0.14,8.35,26,32,19,31,0,51.95,0,0
2019,10,9,Sanità e assistenza sociale,1,0.14,8.30,17,22,13,18,0,52.38,0,0
2019,7,18,Commercio,1,0.14,8.30,26,32,19,31,0,51.95,0,0
2019,8,16,Immobiliare,1,0.13,8.28,26,31,20,31,0,46.75,0,0
2019,8,1,Sanità e assistenza sociale,1,0.13,8.27,26,31,20,31,0,46.75,0,0
2019,5,4,Amministrazione pubblica e difesa,1,0.13,8.26,14,19,10,5,2,50.68,0,0
2019,9,13,Immobiliare,1,0.13,8.25,21,26,16,25,0,52.11,0,0
2019,2,9,Amministrazione pubblica e difesa,1,0.13,8.25,9,14,4,0,15,59.41,0,0
2019,11,9,Sanità e assistenza sociale,1,0.13,8.24,12,16,9,1,4,53.74,0,0
2019,8,11,Informazione e comunicazione,1,0.13,8.23,26,31,20,31,0,46.75,0,0
2019,11,20,Trasporto e magazzinaggio,1,0.13,8.22,12,16,9,1,4,53.74,0,0
2019,8,5,Istruzione,1,0.13,8.20,26,31,20,31,0,46.75,0,0
2019,11,6,Finanza e assicurazione,1,0.13,8.19,12,16,9,1,4,53.74,0,0
2019,8,14,Finanza e assicurazione,1,0.13,8.19,26,31,20,31,0,46.75,0,0
2019,12,9,Amministrazione pubblica e difesa,1,0.13,8.17,9,13,5,0,14,48.58,0,0
2019,8,2,"Attività professionali, scientifiche e tecniche",1,0.13,8.16,26,31,20,31,0,46.75,0,0
2019,3,18,Commercio,1,0.13,8.12,12,18,7,8,5,52.83,0,0
2019,9,1,Informazione e comunicazione,1,0.13,8.12,21,26,16,25,0,52.11,0,0
2019,4,21,Finanza e assicurazione,1,0.13,8.08,15,20,10,12,1,52.24,0,0
2019,10,13,Immobiliare,1,0.13,8.07,17,22,13,18,0,52.38,0,0
2019,7,10,Servizi veterinari,1,0.13,8.06,26,32,19,31,0,51.95,0,0
2019,12,1,Informazione e comunicazione,1,0.13,8.06,9,13,5,0,14,48.58,0,0
2019,3,13,Immobiliare,1,0.13,8.02,12,18,7,8,5,52.83,0,0
2019,4,6,Servizi veterinari,1,0.13,8.02,15,20,10,12,1,52.24,0,0
2019,10,21,Finanza e assicurazione,1,0.13,8.02,17,22,13,18,0,52.38,0,0
2019,2,18,Commercio,1,0.13,8.01,9,14,4,0,15,59.41,0,0
2019,11,21,Finanza e assicurazione,1,0.13,8.01,12,16,9,1,4,53.74,0,0
2019,11,13,Istruzione,1,0.13,8.00,12,16,9,1,4,53.74,0,0
2019,6,18,Commercio,1,0.13,7.93,24,30,18,28,0,48.15,0,0
2019,1,9,Sanità e assistenza sociale,1,0.13,7.92,6,10,2,0,22,67.65,0,0
2019,9,14,Immobiliare,1,0.13,7.91,21,26,16,25,0,52.11,0,0
2019,11,14,Istruzione,1,0.13,7.91,12,16,9,1,4,53.74,0,0
2019,8,12,Commercio,1,0.13,7.89,26,31,20,31,0,46.75,0,0
2019,10,1,Informazione e comunicazione,1,0.13,7.88,17,22,13,18,0,52.38,0,0
2019,2,6,Servizi veterinari,1,0.13,7.87,9,14,4,0,15,59.41,0,0
2019,12,13,Istruzione,1,0.13,7.84,9,13,5,0,14,48.58,0,0
2019,7,12,Commercio,1,0.13,7.83,26,32,19,31,0,51.95,0,0
2019,2,6,Istruzione,1,0.13,7.83,9,14,4,0,15,59.41,0,0
2019,3,1,Informazione e comunicazione,1,0.13,7.82,12,18,7,8,5,52.83,0,0
2019,10,6,Finanza e assicurazione,1,0.13,7.82,17,22,13,18,0,52.38,0,0
2019,11,6,Istruzione,1,0.13,7.81,12,16,9,1,4,53.74,0,0
2019,8,15,Sanità e assistenza sociale,1,0.13,7.79,26,31,20,31,0,46.75,0,0
2019,3,20,Trasporto e magazzinaggio,1,0.13,7.78,12,18,7,8,5,52.83,0,0
2019,9,5,Finanza e assicurazione,1,0.13,7.78,21,26,16,25,0,52.11,0,0
2019,12,6,Istruzione,1,0.13,7.77,9,13,5,0,14,48.58,0,0
2019,2,5,Finanza e assicurazione,1,0.13,7.76,9,14,4,0,15,59.41,0,0
2019,1,15,Trasporto e magazzinaggio,1,0.13,7.74,6,10,2,0,22,67.65,0,0
2019,7,13,Servizi veterinari,1,0.13,7.74,26,32,19,31,0,51.95,0,0
2019,5,2,"Alberghi, ristoranti e bar",1,0.13,7.69,14,19,10,5,2,50.68,0,0
2019,1,1,Sanità e assistenza sociale,1,0.13,7.68,6,10,2,0,22,67.65,0,0
2019,8,16,Finanza e assicurazione,1,0.13,7.67,26,31,20,31,0,46.75,0,0
2019,5,2,"Attività professionali, scientifiche e tecniche",1,0.13,7.67,14,19,10,5,2,50.68,0,0
2019,2,20,Trasporto e magazzinaggio,1,0.13,7.67,9,14,4,0,15,59.41,0,0
2019,11,9,Amministrazione pubblica e difesa,1,0.13,7.67,12,16,9,1,4,53.74,0,0
2019,6,14,Immobiliare,1,0.13,7.67,24,30,18,28,0,48.15,0,0
2019,5,1,Informazione e comunicazione,1,0.12,7.66,14,19,10,5,2,50.68,0,0
2019,11,1,Informazione e comunicazione,1,0.12,7.64,12,16,9,1,4,53.74,0,0
2019,7,14,Istruzione,1,0.12,7.64,26,32,19,31,0,51.95,0,0
2019,5,18,Commercio,1,0.12,7.63,14,19,10,5,2,50.68,0,0
2019,6,1,Sanità e assistenza sociale,1,0.12,7.63,24,30,18,28,0,48.15,0,0
2019,3,6,Istruzione,1,0.12,7.61,12,18,7,8,5,52.83,0,0
2019,3,2,"Attività professionali, scientifiche e tecniche",1,0.12,7.61,12,18,7,8,5,52.83,0,0
2019,1,10,Servizi veterinari,1,0.12,7.59,6,10,2,0,22,67.65,0,0
2019,6,11,Informazione e comunicazione,1,0.12,7.58,24,30,18,28,0,48.15,0,0
2019,4,18,Commercio,1,0.12,7.58,15,20,10,12,1,52.24,0,0
2019,7,4,Sanità e assistenza sociale,1,0.12,7.57,26,32,19,31,0,51.95,0,0
2019,9,9,Amministrazione pubblica e difesa,1,0.12,7.56,21,26,16,25,0,52.11,0,0
2019,8,10,Servizi veterinari,1,0.12,7.55,26,31,20,31,0,46.75,0,0
2019,6,14,Istruzione,1,0.12,7.53,24,30,18,28,0,48.15,0,0
2019,10,14,Istruzione,1,0.12,7.52,17,22,13,18,0,52.38,0,0
2019,2,13,Istruzione,1,0.12,7.52,9,14,4,0,15,59.41,0,0
2019,4,1,Informazione e comunicazione,1,0.12,7.45,15,20,10,12,1,52.24,0,0
2019,1,20,"Alberghi, ristoranti e bar",1,0.12,7.45,6,10,2,0,22,67.65,0,0
2019,6,21,Istruzione,1,0.12,7.44,24,30,18,28,0,48.15,0,0
2019,6,14,Finanza e assicurazione,1,0.12,7.43,24,30,18,28,0,48.15,0,0
2019,8,20,"Alberghi, ristoranti e bar",1,0.12,7.43,26,31,20,31,0,46.75,0,0
2019,6,2,"Attività professionali, scientifiche e tecniche",1,0.12,7.43,24,30,18,28,0,48.15,0,0
2019,3,9,Amministrazione pubblica e difesa,1,0.12,7.42,12,18,7,8,5,52.83,0,0
2019,7,1,Amministrazione pubblica e difesa,1,0.12,7.42,26,32,19,31,0,51.95,0,0
2019,6,9,Amministrazione pubblica e difesa,1,0.12,7.39,24,30,18,28,0,48.15,0,0
2019,1,15,Istruzione,1,0.12,7.39,6,10,2,0,22,67.65,0,0
2019,1,4,Istruzione,1,0.12,7.39,6,10,2,0,22,67.65,0,0
2019,12,1,Amministrazione pubblica e difesa,1,0.12,7.38,9,13,5,0,14,48.58,0,0
2019,3,9,Sanità e assistenza sociale,1,0.12,7.37,12,18,7,8,5,52.83,0,0
2019,2,1,Informazione e comunicazione,1,0.12,7.36,9,14,4,0,15,59.41,0,0
2019,1,16,Finanza e assicurazione,1,0.12,7.36,6,10,2,0,22,67.65,0,0
2019,3,5,Finanza e assicurazione,1,0.12,7.35,12,18,7,8,5,52.83,0,0
2019,1,2,"Attività professionali, scientifiche e tecniche",1,0.12,7.33,6,10,2,0,22,67.65,0,0
2019,9,21,Istruzione,1,0.12,7.31,21,26,16,25,0,52.11,0,0
2019,5,13,Immobiliare,1,0.12,7.31,14,19,10,5,2,50.68,0,0
2019,1,11,Informazione e comunicazione,1,0.12,7.30,6,10,2,0,22,67.65,0,0
2019,12,20,"Alberghi, ristoranti e bar",1,0.12,7.29,9,13,5,0,14,48.58,0,0
2019,8,4,Sanità e assistenza sociale,1,0.12,7.29,26,31,20,31,0,46.75,0,0
2019,2,1,Amministrazione pubblica e difesa,1,0.12,7.28,9,14,4,0,15,59.41,0,0
2019,12,10,Servizi veterinari,1,0.12,7.27,9,13,5,0,14,48.58,0,0
2019,10,2,"Alberghi, ristoranti e bar",1,0.12,7.27,17,22,13,18,0,52.38,0,0
2019,8,13,Servizi veterinari,1,0.12,7.26,26,31,20,31,0,46.75,0,0
2019,8,2,Amministrazione pubblica e difesa,1,0.12,7.24,26,31,20,31,0,46.75,0,0
2019,10,13,Istruzione,1,0.12,7.22,17,22,13,18,0,52.38,0,0
2019,4,9,Sanità e assistenza sociale,1,0.12,7.22,15,20,10,12,1,52.24,0,0
2019,5,14,Istruzione,1,0.12,7.21,14,19,10,5,2,50.68,0,0
2019,6,10,Servizi veterinari,1,0.12,7.20,24,30,18,28,0,48.15,0,0
2019,4,13,Immobiliare,1,0.12,7.20,15,20,10,12,1,52.24,0,0
2019,9,14,Istruzione,1,0.12,7.18,21,26,16,25,0,52.11,0,0
2019,10,9,Amministrazione pubblica e difesa,1,0.12,7.17,17,22,13,18,0,52.38,0,0
2019,3,1,Amministrazione pubblica e difesa,1,0.12,7.17,12,18,7,8,5,52.83,0,0
2019,3,20,"Alberghi, ristoranti e bar",1,0.12,7.15,12,18,7,8,5,52.83,0,0
2019,10,15,Trasporto e magazzinaggio,1,0.12,7.15,17,22,13,18,0,52.38,0,0
2019,2,14,Finanza e assicurazione,1,0.12,7.13,9,14,4,0,15,59.41,0,0
2019,2,2,"Attività professionali, scientifiche e tecniche",1,0.12,7.09,9,14,4,0,15,59.41,0,0
2019,8,1,Amministrazione pubblica e difesa,1,0.12,7.08,26,31,20,31,0,46.75,0,0
2019,9,16,Immobiliare,1,0.12,7.06,21,26,16,25,0,52.11,0,0
2019,1,15,Sanità e assistenza sociale,1,0.12,7.06,6,10,2,0,22,67.65,0,0
2019,7,11,Sanità e assistenza sociale,1,0.11,7.05,26,32,19,31,0,51.95,0,0
2019,1,4,Sanità e assistenza sociale,1,0.11,7.05,6,10,2,0,22,67.65,0,0
2019,9,11,Informazione e comunicazione,1,0.11,7.05,21,26,16,25,0,52.11,0,0
2019,12,2,"Alberghi, ristoranti e bar",1,0.11,7.01,9,13,5,0,14,48.58,0,0
2019,4,14,Istruzione,1,0.11,7.00,15,20,10,12,1,52.24,0,0
2019,3,13,Istruzione,1,0.11,7.00,12,18,7,8,5,52.83,0,0
2019,5,9,Sanità e assistenza sociale,1,0.11,6.98,14,19,10,5,2,50.68,0,0
2019,2,9,Sanità e assistenza sociale,1,0.11,6.97,9,14,4,0,15,59.41,0,0
2019,9,14,Finanza e assicurazione,1,0.11,6.97,21,26,16,25,0,52.11,0,0
2019,6,12,Commercio,1,0.11,6.97,24,30,18,28,0,48.15,0,0
2019,3,1,Sanità e assistenza sociale,1,0.11,6.97,12,18,7,8,5,52.83,0,0
2019,9,15,Sanità e assistenza sociale,1,0.11,6.95,21,26,16,25,0,52.11,0,0
2019,10,6,Istruzione,1,0.11,6.95,17,22,13,18,0,52.38,0,0
2019,4,2,"Alberghi, ristoranti e bar",1,0.11,6.94,15,20,10,12,1,52.24,0,0
2019,11,1,Amministrazione pubblica e difesa,1,0.11,6.94,12,16,9,1,4,53.74,0,0
2019,5,9,Amministrazione pubblica e difesa,1,0.11,6.93,14,19,10,5,2,50.68,0,0
2019,6,16,Immobiliare,1,0.11,6.92,24,30,18,28,0,48.15,0,0
2019,7,20,"Alberghi, ristoranti e bar",1,0.11,6.91,26,32,19,31,0,51.95,0,0
2019,10,5,Finanza e assicurazione,1,0.11,6.90,17,22,13,18,0,52.38,0,0
2019,4,9,Amministrazione pubblica e difesa,1,0.11,6.88,15,20,10,12,1,52.24,0,0
2019,11,10,Servizi veterinari,1,0.11,6.87,12,16,9,1,4,53.74,0,0
2019,1,12,Commercio,1,0.11,6.87,6,10,2,0,22,67.65,0,0
2019,7,2,Amministrazione pubblica e difesa,1,0.11,6.85,26,32,19,31,0,51.95,0,0
2019,7,21,Istruzione,1,0.11,6.85,26,32,19,31,0,51.95,0,0
2019,12,11,Informazione e comunicazione,1,0.11,6.85,9,13,5,0,14,48.58,0,0
2019,2,20,"Alberghi, ristoranti e bar",1,0.11,6.83,9,14,4,0,15,59.41,0,0
2019,9,1,Sanità e assistenza sociale,1,0.11,6.83,21,26,16,25,0,52.11,0,0
2019,12,15,Trasporto e magazzinaggio,1,0.11,6.82,9,13,5,0,14,48.58,0,0
2019,12,1,Sanità e assistenza sociale,1,0.11,6.80,9,13,5,0,14,48.58,0,0
2019,6,1,Amministrazione pubblica e difesa,1,0.11,6.78,24,30,18,28,0,48.15,0,0
2019,5,6,Istruzione,1,0.11,6.77,14,19,10,5,2,50.68,0,0
2019,5,15,Trasporto e magazzinaggio,1,0.11,6.77,14,19,10,5,2,50.68,0,0
2019,10,11,Informazione e comunicazione,1,0.11,6.76,17,22,13,18,0,52.38,0,0
2019,7,6,Istruzione,1,0.11,6.76,26,32,19,31,0,51.95,0,0
2019,10,10,Servizi veterinari,1,0.11,6.72,17,22,13,18,0,52.38,0,0
2019,3,11,Informazione e comunicazione,1,0.11,6.71,12,18,7,8,5,52.83,0,0
2019,9,10,Servizi veterinari,1,0.11,6.71,21,26,16,25,0,52.11,0,0
2019,6,16,Finanza e assicurazione,1,0.11,6.69,24,30,18,28,0,48.15,0,0
2019,6,13,Servizi veterinari,1,0.11,6.68,24,30,18,28,0,48.15,0,0
2019,2,1,Sanità e assistenza sociale,1,0.11,6.67,9,14,4,0,15,59.41,0,0
2019,1,14,Immobiliare,1,0.11,6.66,6,10,2,0,22,67.65,0,0
2019,1,2,"Alberghi, ristoranti e bar",1,0.11,6.64,6,10,2,0,22,67.65,0,0
2019,3,15,Trasporto e magazzinaggio,1,0.11,6.62,12,18,7,8,5,52.83,0,0
2019,6,6,Istruzione,1,0.11,6.61,24,30,18,28,0,48.15,0,0
2019,2,10,Servizi veterinari,1,0.11,6.60,9,14,4,0,15,59.41,0,0
2019,9,2,"Attività professionali, scientifiche e tecniche",1,0.11,6.60,21,26,16,25,0,52.11,0,0
2019,3,14,Finanza e assicurazione,1,0.11,6.59,12,18,7,8,5,52.83,0,0
2019,5,11,Informazione e comunicazione,1,0.11,6.58,14,19,10,5,2,50.68,0,0
2019,10,1,Amministrazione pubblica e difesa,1,0.11,6.58,17,22,13,18,0,52.38,0,0
2019,5,1,Amministrazione pubblica e difesa,1,0.11,6.58,14,19,10,5,2,50.68,0,0
2019,5,13,Istruzione,1,0.11,6.57,14,19,10,5,2,50.68,0,0
2019,2,15,Trasporto e magazzinaggio,1,0.11,6.57,9,14,4,0,15,59.41,0,0
2019,9,21,Servizi veterinari,1,0.11,6.56,21,26,16,25,0,52.11,0,0
2019,11,11,Informazione e comunicazione,1,0.11,6.54,12,16,9,1,4,53.74,0,0
2019,3,2,"Alberghi, ristoranti e bar",1,0.11,6.53,12,18,7,8,5,52.83,0,0
2019,11,15,Trasporto e magazzinaggio,1,0.11,6.53,12,16,9,1,4,53.74,0,0
2019,6,4,Sanità e assistenza sociale,1,0.11,6.53,24,30,18,28,0,48.15,0,0
2019,12,5,Finanza e assicurazione,1,0.11,6.53,9,13,5,0,14,48.58,0,0
2019,8,14,Servizi veterinari,1,0.11,6.53,26,31,20,31,0,46.75,0,0
2019,6,15,Sanità e assistenza sociale,1,0.11,6.53,24,30,18,28,0,48.15,0,0
2019,12,16,Immobiliare,1,0.11,6.53,9,13,5,0,14,48.58,0,0
2019,10,1,Sanità e assistenza sociale,1,0.11,6.50,17,22,13,18,0,52.38,0,0
2019,9,12,Commercio,1,0.11,6.50,21,26,16,25,0,52.11,0,0
2019,9,1,Amministrazione pubblica e difesa,1,0.11,6.48,21,26,16,25,0,52.11,0,0
2019,2,15,Istruzione,1,0.11,6.47,9,14,4,0,15,59.41,0,0
2019,8,11,Sanità e assistenza sociale,1,0.11,6.46,26,31,20,31,0,46.75,0,0
2019,4,1,Sanità e assistenza sociale,1,0.10,6.44,15,20,10,12,1,52.24,0,0
2019,5,1,Sanità e assistenza sociale,1,0.10,6.43,14,19,10,5,2,50.68,0,0
2019,4,6,Istruzione,1,0.10,6.43,15,20,10,12,1,52.24,0,0
2019,5,10,Servizi veterinari,1,0.10,6.41,14,19,10,5,2,50.68,0,0
2019,11,1,Sanità e assistenza sociale,1,0.10,6.41,12,16,9,1,4,53.74,0,0
2019,1,16,Immobiliare,1,0.10,6.40,6,10,2,0,22,67.65,0,0
2019,12,12,Commercio,1,0.10,6.40,9,13,5,0,14,48.58,0,0
2019,4,2,"Attività professionali, scientifiche e tecniche",1,0.10,6.39,15,20,10,12,1,52.24,0,0
2019,7,14,Servizi veterinari,1,0.10,6.37,26,32,19,31,0,51.95,0,0
2019,5,5,Finanza e assicurazione,1,0.10,6.37,14,19,10,5,2,50.68,0,0
2019,2,11,Informazione e comunicazione,1,0.10,6.36,9,14,4,0,15,59.41,0,0
2019,4,11,Informazione e comunicazione,1,0.10,6.36,15,20,10,12,1,52.24,0,0
2019,4,15,Trasporto e magazzinaggio,1,0.10,6.35,15,20,10,12,1,52.24,0,0
2019,2,4,Istruzione,1,0.10,6.34,9,14,4,0,15,59.41,0,0
2019,12,15,Sanità e assistenza sociale,1,0.10,6.32,9,13,5,0,14,48.58,0,0
2019,4,1,Amministrazione pubblica e difesa,1,0.10,6.31,15,20,10,12,1,52.24,0,0
2019,4,5,Finanza e assicurazione,1,0.10,6.30,15,20,10,12,1,52.24,0,0
2019,10,16,Immobiliare,1,0.10,6.30,17,22,13,18,0,52.38,0,0
2019,11,2,"Alberghi, ristoranti e bar",1,0.10,6.29,12,16,9,1,4,53.74,0,0
2019,4,10,Servizi veterinari,1,0.10,6.29,15,20,10,12,1,52.24,0,0
2019,10,14,Immobiliare,1,0.10,6.27,17,22,13,18,0,52.38,0,0
2019,8,14,Istruzione,1,0.10,6.24,26,31,20,31,0,46.75,0,0
2019,11,15,Sanità e assistenza sociale,1,0.10,6.21,12,16,9,1,4,53.74,0,0
2019,6,11,Sanità e assistenza sociale,1,0.10,6.18,24,30,18,28,0,48.15,0,0
2019,11,5,Finanza e assicurazione,1,0.10,6.18,12,16,9,1,4,53.74,0,0
2019,10,15,Sanità e assistenza sociale,1,0.10,6.14,17,22,13,18,0,52.38,0,0
2019,10,12,Commercio,1,0.10,6.13,17,22,13,18,0,52.38,0,0
2019,9,4,Sanità e assistenza sociale,1,0.10,6.13,21,26,16,25,0,52.11,0,0
2019,4,13,Istruzione,1,0.10,6.12,15,20,10,12,1,52.24,0,0
2019,11,16,Immobiliare,1,0.10,6.11,12,16,9,1,4,53.74,0,0
2019,2,16,Finanza e assicurazione,1,0.10,6.11,9,14,4,0,15,59.41,0,0
2019,12,2,"Attività professionali, scientifiche e tecniche",1,0.10,6.10,9,13,5,0,14,48.58,0,0
2019,12,14,Finanza e assicurazione,1,0.10,6.10,9,13,5,0,14,48.58,0,0
2019,3,15,Istruzione,1,0.10,6.09,12,18,7,8,5,52.83,0,0
2019,10,14,Finanza e assicurazione,1,0.10,6.07,17,22,13,18,0,52.38,0,0
2019,2,15,Sanità e assistenza sociale,1,0.10,6.06,9,14,4,0,15,59.41,0,0
2019,3,12,Commercio,1,0.10,6.04,12,18,7,8,5,52.83,0,0
2019,12,18,Altri servizi,1,0.10,5.99,9,13,5,0,14,48.58,0,0
2019,7,9,Finanza e assicurazione,1,0.10,5.98,26,32,19,31,0,51.95,0,0
2019,7,18,Altri servizi,1,0.10,5.98,26,32,19,31,0,51.95,0,0
2019,9,6,Istruzione,1,0.10,5.97,21,26,16,25,0,52.11,0,0
2019,1,11,Amministrazione pubblica e difesa,1,0.10,5.95,6,10,2,0,22,67.65,0,0
2019,11,12,Commercio,1,0.10,5.95,12,16,9,1,4,53.74,0,0
2019,2,12,Commercio,1,0.10,5.92,9,14,4,0,15,59.41,0,0
2019,8,16,Servizi veterinari,1,0.10,5.91,26,31,20,31,0,46.75,0,0
2019,2,4,Sanità e assistenza sociale,1,0.10,5.91,9,14,4,0,15,59.41,0,0
2019,3,15,Sanità e assistenza sociale,1,0.10,5.91,12,18,7,8,5,52.83,0,0
2019,11,15,Istruzione,1,0.10,5.89,12,16,9,1,4,53.74,0,0
2019,12,4,Sanità e assistenza sociale,1,0.10,5.89,9,13,5,0,14,48.58,0,0
2019,2,2,"Alberghi, ristoranti e bar",1,0.10,5.84,9,14,4,0,15,59.41,0,0
2019,7,16,Servizi veterinari,1,0.10,5.84,26,32,19,31,0,51.95,0,0
2019,8,12,"Alberghi, ristoranti e bar",1,0.10,5.84,26,31,20,31,0,46.75,0,0
2019,5,12,Commercio,1,0.09,5.82,14,19,10,5,2,50.68,0,0
2019,8,18,Altri servizi,1,0.09,5.81,26,31,20,31,0,46.75,0,0
2019,7,7,Immobiliare,1,0.09,5.80,26,32,19,31,0,51.95,0,0
2019,5,21,Servizi veterinari,1,0.09,5.79,14,19,10,5,2,50.68,0,0
2019,3,4,Istruzione,1,0.09,5.78,12,18,7,8,5,52.83,0,0
2019,1,11,Sanità e assistenza sociale,1,0.09,5.78,6,10,2,0,22,67.65,0,0
2019,10,21,Servizi veterinari,1,0.09,5.76,17,22,13,18,0,52.38,0,0
2019,8,21,Istruzione,1,0.09,5.75,26,31,20,31,0,46.75,0,0
2019,3,16,Finanza e assicurazione,1,0.09,5.72,12,18,7,8,5,52.83,0,0
2019,12,15,Istruzione,1,0.09,5.69,9,13,5,0,14,48.58,0,0
2019,9,13,Servizi veterinari,1,0.09,5.68,21,26,16,25,0,52.11,0,0
2019,12,14,Immobiliare,1,0.09,5.65,9,13,5,0,14,48.58,0,0
2019,5,14,Finanza e assicurazione,1,0.09,5.64,14,19,10,5,2,50.68,0,0
2019,4,14,Finanza e assicurazione,1,0.09,5.62,15,20,10,12,1,52.24,0,0
2019,6,14,Servizi veterinari,1,0.09,5.60,24,30,18,28,0,48.15,0,0
2019,3,4,Sanità e assistenza sociale,1,0.09,5.60,12,18,7,8,5,52.83,0,0
2019,4,12,Commercio,1,0.09,5.57,15,20,10,12,1,52.24,0,0
2019,2,14,Immobiliare,1,0.09,5.56,9,14,4,0,15,59.41,0,0
2019,10,2,"Attività professionali, scientifiche e tecniche",1,0.09,5.55,17,22,13,18,0,52.38,0,0
2019,9,16,Finanza e assicurazione,1,0.09,5.52,21,26,16,25,0,52.11,0,0
2019,7,9,Immobiliare,1,0.09,5.51,26,32,19,31,0,51.95,0,0
2019,4,20,Trasporto e magazzinaggio,1,0.09,5.50,15,20,10,12,1,52.24,0,0
2019,3,16,Immobiliare,1,0.09,5.50,12,18,7,8,5,52.83,0,0
2019,4,20,"Alberghi, ristoranti e bar",1,0.09,5.48,15,20,10,12,1,52.24,0,0
2019,11,2,"Attività professionali, scientifiche e tecniche",1,0.09,5.48,12,16,9,1,4,53.74,0,0
2019,2,16,Immobiliare,1,0.09,5.47,9,14,4,0,15,59.41,0,0
2019,6,2,Amministrazione pubblica e difesa,1,0.09,5.45,24,30,18,28,0,48.15,0,0
2019,1,18,Altri servizi,1,0.09,5.41,6,10,2,0,22,67.65,0,0
2019,6,7,Immobiliare,1,0.09,5.38,24,30,18,28,0,48.15,0,0
2019,12,11,Sanità e assistenza sociale,1,0.09,5.37,9,13,5,0,14,48.58,0,0
2019,7,15,Immobiliare,1,0.09,5.37,26,32,19,31,0,51.95,0,0
2019,8,9,Finanza e assicurazione,1,0.09,5.36,26,31,20,31,0,46.75,0,0
2019,7,12,"Alberghi, ristoranti e bar",1,0.09,5.36,26,32,19,31,0,51.95,0,0
2019,4,15,Sanità e assistenza sociale,1,0.09,5.35,15,20,10,12,1,52.24,0,0
2019,4,21,Servizi veterinari,1,0.09,5.35,15,20,10,12,1,52.24,0,0
2019,5,16,Immobiliare,1,0.09,5.35,14,19,10,5,2,50.68,0,0
2019,7,4,Istruzione,1,0.09,5.34,26,32,19,31,0,51.95,0,0
2019,11,14,Finanza e assicurazione,1,0.09,5.34,12,16,9,1,4,53.74,0,0
2019,8,6,Istruzione,1,0.09,5.33,26,31,20,31,0,46.75,0,0
2019,9,13,Istruzione,1,0.09,5.33,21,26,16,25,0,52.11,0,0
2019,10,4,Sanità e assistenza sociale,1,0.09,5.32,17,22,13,18,0,52.38,0,0
2019,11,14,Immobiliare,1,0.09,5.32,12,16,9,1,4,53.74,0,0
2019,8,7,Immobiliare,1,0.09,5.32,26,31,20,31,0,46.75,0,0
2019,3,14,Immobiliare,1,0.09,5.32,12,18,7,8,5,52.83,0,0
2019,7,7,Informazione e comunicazione,1,0.09,5.31,26,32,19,31,0,51.95,0,0
2019,9,11,Sanità e assistenza sociale,1,0.09,5.31,21,26,16,25,0,52.11,0,0
2019,7,15,Istruzione,1,0.09,5.31,26,32,19,31,0,51.95,0,0
2019,5,14,Immobiliare,1,0.09,5.30,14,19,10,5,2,50.68,0,0
2019,6,18,Altri servizi,1,0.09,5.29,24,30,18,28,0,48.15,0,0
2019,1,7,Immobiliare,1,0.09,5.29,6,10,2,0,22,67.65,0,0
2019,10,18,Altri servizi,1,0.09,5.28,17,22,13,18,0,52.38,0,0
2019,7,11,Amministrazione pubblica e difesa,1,0.09,5.27,26,32,19,31,0,51.95,0,0
2019,11,4,Sanità e assistenza sociale,1,0.09,5.26,12,16,9,1,4,53.74,0,0
2019,9,2,Amministrazione pubblica e difesa,1,0.09,5.25,21,26,16,25,0,52.11,0,0
2019,1,14,Servizi veterinari,1,0.09,5.24,6,10,2,0,22,67.65,0,0
2019,10,15,Istruzione,1,0.09,5.24,17,22,13,18,0,52.38,0,0
2019,5,15,Sanità e assistenza sociale,1,0.09,5.23,14,19,10,5,2,50.68,0,0
2019,8,15,Immobiliare,1,0.09,5.22,26,31,20,31,0,46.75,0,0
2019,9,18,Altri servizi,1,0.09,5.22,21,26,16,25,0,52.11,0,0
2019,4,16,Immobiliare,1,0.08,5.20,15,20,10,12,1,52.24,0,0
2019,1,21,Servizi veterinari,1,0.08,5.20,6,10,2,0,22,67.65,0,0
2019,11,18,Altri servizi,1,0.08,5.18,12,16,9,1,4,53.74,0,0
2019,4,16,Finanza e assicurazione,1,0.08,5.17,15,20,10,12,1,52.24,0,0
2019,3,21,Servizi veterinari,1,0.08,5.16,12,18,7,8,5,52.83,0,0
2019,6,13,Istruzione,1,0.08,5.16,24,30,18,28,0,48.15,0,0
2019,8,7,Informazione e comunicazione,1,0.08,5.15,26,31,20,31,0,46.75,0,0
2019,12,4,Istruzione,1,0.08,5.15,9,13,5,0,14,48.58,0,0
2019,1,20,Amministrazione pubblica e difesa,1,0.08,5.13,6,10,2,0,22,67.65,0,0
2019,5,16,Finanza e assicurazione,1,0.08,5.13,14,19,10,5,2,50.68,0,0
2019,1,9,Finanza e assicurazione,1,0.08,5.13,6,10,2,0,22,67.65,0,0
2019,8,9,Immobiliare,1,0.08,5.11,26,31,20,31,0,46.75,0,0
2019,9,14,Servizi veterinari,1,0.08,5.11,21,26,16,25,0,52.11,0,0
2019,7,2,Altri servizi,1,0.08,5.11,26,32,19,31,0,51.95,0,0
2019,4,4,Sanità e assistenza sociale,1,0.08,5.11,15,20,10,12,1,52.24,0,0
2019,11,11,Sanità e assistenza sociale,1,0.08,5.09,12,16,9,1,4,53.74,0,0
2019,8,4,Servizi veterinari,1,0.08,5.09,26,31,20,31,0,46.75,0,0
2019,12,11,Amministrazione pubblica e difesa,1,0.08,5.07,9,13,5,0,14,48.58,0,0
2019,5,15,Istruzione,1,0.08,5.06,14,19,10,5,2,50.68,0,0
2019,8,11,Amministrazione pubblica e difesa,1,0.08,5.05,26,31,20,31,0,46.75,0,0
2019,9,16,Servizi veterinari,1,0.08,5.05,21,26,16,25,0,52.11,0,0
2019,12,20,Amministrazione pubblica e difesa,1,0.08,5.05,9,13,5,0,14,48.58,0,0
2019,10,11,Sanità e assistenza sociale,1,0.08,5.02,17,22,13,18,0,52.38,0,0
2019,9,4,Istruzione,1,0.08,5.02,21,26,16,25,0,52.11,0,0
2019,2,11,Amministrazione pubblica e difesa,1,0.08,5.02,9,14,4,0,15,59.41,0,0
2019,6,7,Informazione e comunicazione,1,0.08,5.01,24,30,18,28,0,48.15,0,0
2019,5,4,Sanità e assistenza sociale,1,0.08,5.01,14,19,10,5,2,50.68,0,0
2019,1,9,Istruzione,1,0.08,4.98,6,10,2,0,22,67.65,0,0
2019,5,4,Istruzione,1,0.08,4.97,14,19,10,5,2,50.68,0,0
2019,1,2,Altri servizi,1,0.08,4.97,6,10,2,0,22,67.65,0,0
2019,6,16,Servizi veterinari,1,0.08,4.96,24,30,18,28,0,48.15,0,0
2019,11,21,Servizi veterinari,1,0.08,4.96,12,16,9,1,4,53.74,0,0
2019,7,13,Istruzione,1,0.08,4.93,26,32,19,31,0,51.95,0,0
2019,9,15,Istruzione,1,0.08,4.93,21,26,16,25,0,52.11,0,0
2019,4,15,Istruzione,1,0.08,4.92,15,20,10,12,1,52.24,0,0
2019,1,16,Servizi veterinari,1,0.08,4.91,6,10,2,0,22,67.65,0,0
2019,7,4,Servizi veterinari,1,0.08,4.90,26,32,19,31,0,51.95,0,0
2019,3,11,Amministrazione pubblica e difesa,1,0.08,4.90,12,18,7,8,5,52.83,0,0
2019,3,18,Altri servizi,1,0.08,4.90,12,18,7,8,5,52.83,0,0
2019,6,4,Istruzione,1,0.08,4.88,24,30,18,28,0,48.15,0,0
2019,2,18,Altri servizi,1,0.08,4.86,9,14,4,0,15,59.41,0,0
2019,6,11,Amministrazione pubblica e difesa,1,0.08,4.85,24,30,18,28,0,48.15,0,0
2019,12,21,Servizi veterinari,1,0.08,4.84,9,13,5,0,14,48.58,0,0
2019,2,11,Sanità e assistenza sociale,1,0.08,4.84,9,14,4,0,15,59.41,0,0
2019,4,14,Immobiliare,1,0.08,4.84,15,20,10,12,1,52.24,0,0
2019,3,11,Sanità e assistenza sociale,1,0.08,4.83,12,18,7,8,5,52.83,0,0
2019,11,11,Amministrazione pubblica e difesa,1,0.08,4.82,12,16,9,1,4,53.74,0,0
2019,10,16,Finanza e assicurazione,1,0.08,4.82,17,22,13,18,0,52.38,0,0
2019,6,20,"Alberghi, ristoranti e bar",1,0.08,4.80,24,30,18,28,0,48.15,0,0
2019,8,2,Altri servizi,1,0.08,4.79,26,31,20,31,0,46.75,0,0
2019,9,20,"Alberghi, ristoranti e bar",1,0.08,4.79,21,26,16,25,0,52.11,0,0
2019,6,15,Istruzione,1,0.08,4.78,24,30,18,28,0,48.15,0,0
2019,5,11,Sanità e assistenza sociale,1,0.08,4.77,14,19,10,5,2,50.68,0,0
2019,6,9,Finanza e assicurazione,1,0.08,4.73,24,30,18,28,0,48.15,0,0
2019,4,4,Istruzione,1,0.08,4.71,15,20,10,12,1,52.24,0,0
2019,2,21,Servizi veterinari,1,0.08,4.70,9,14,4,0,15,59.41,0,0
2019,12,7,Immobiliare,1,0.08,4.69,9,13,5,0,14,48.58,0,0
2019,6,2,Altri servizi,1,0.08,4.69,24,30,18,28,0,48.15,0,0
2019,7,19,Informazione e comunicazione,1,0.08,4.69,26,32,19,31,0,51.95,0,0
2019,1,7,Informazione e comunicazione,1,0.08,4.66,6,10,2,0,22,67.65,0,0
2019,10,2,Amministrazione pubblica e difesa,1,0.08,4.63,17,22,13,18,0,52.38,0,0
2019,11,20,Amministrazione pubblica e difesa,1,0.08,4.63,12,16,9,1,4,53.74,0,0
2019,6,12,"Alberghi, ristoranti e bar",1,0.08,4.61,24,30,18,28,0,48.15,0,0
2019,10,13,Servizi veterinari,1,0.08,4.60,17,22,13,18,0,52.38,0,0
2019,12,14,Servizi veterinari,1,0.08,4.60,9,13,5,0,14,48.58,0,0
2019,10,4,Istruzione,1,0.07,4.60,17,22,13,18,0,52.38,0,0
2019,8,19,Informazione e comunicazione,1,0.07,4.59,26,31,20,31,0,46.75,0,0
2019,12,16,Finanza e assicurazione,1,0.07,4.59,9,13,5,0,14,48.58,0,0
2019,5,11,Amministrazione pubblica e difesa,1,0.07,4.58,14,19,10,5,2,50.68,0,0
2019,1,9,Immobiliare,1,0.07,4.57,6,10,2,0,22,67.65,0,0
2019,6,9,Immobiliare,1,0.07,4.57,24,30,18,28,0,48.15,0,0
2019,11,4,Istruzione,1,0.07,4.56,12,16,9,1,4,53.74,0,0
2019,10,11,Amministrazione pubblica e difesa,1,0.07,4.56,17,22,13,18,0,52.38,0,0
2019,3,2,Altri servizi,1,0.07,4.54,12,18,7,8,5,52.83,0,0
2019,9,9,Immobiliare,1,0.07,4.53,21,26,16,25,0,52.11,0,0
2019,5,18,Altri servizi,1,0.07,4.52,14,19,10,5,2,50.68,0,0
2019,10,16,Servizi veterinari,1,0.07,4.52,17,22,13,18,0,52.38,0,0
2019,3,14,Servizi veterinari,1,0.07,4.49,12,18,7,8,5,52.83,0,0
2019,9,7,Informazione e comunicazione,1,0.07,4.47,21,26,16,25,0,52.11,0,0
2019,3,7,Immobiliare,1,0.07,4.47,12,18,7,8,5,52.83,0,0
2019,1,2,Amministrazione pubblica e difesa,1,0.07,4.47,6,10,2,0,22,67.65,0,0
2019,9,9,Finanza e assicurazione,1,0.07,4.46,21,26,16,25,0,52.11,0,0
2019,4,11,Sanità e assistenza sociale,1,0.07,4.46,15,20,10,12,1,52.24,0,0
2019,3,20,Amministrazione pubblica e difesa,1,0.07,4.46,12,18,7,8,5,52.83,0,0
2019,2,2,Altri servizi,1,0.07,4.46,9,14,4,0,15,59.41,0,0
2019,2,9,Finanza e assicurazione,1,0.07,4.46,9,14,4,0,15,59.41,0,0
2019,2,20,Amministrazione pubblica e difesa,1,0.07,4.46,9,14,4,0,15,59.41,0,0
2019,12,7,Informazione e comunicazione,1,0.07,4.45,9,13,5,0,14,48.58,0,0
2019,2,14,Servizi veterinari,1,0.07,4.44,9,14,4,0,15,59.41,0,0
2019,5,2,Altri servizi,1,0.07,4.44,14,19,10,5,2,50.68,0,0
2019,9,11,Amministrazione pubblica e difesa,1,0.07,4.43,21,26,16,25,0,52.11,0,0
2019,2,9,Istruzione,1,0.07,4.43,9,14,4,0,15,59.41,0,0
2019,9,7,Immobiliare,1,0.07,4.42,21,26,16,25,0,52.11,0,0
2019,10,14,Servizi veterinari,1,0.07,4.40,17,22,13,18,0,52.38,0,0
2019,8,2,Sanità e assistenza sociale,1,0.07,4.40,26,31,20,31,0,46.75,0,0
2019,3,7,Informazione e comunicazione,1,0.07,4.39,12,18,7,8,5,52.83,0,0
2019,2,7,Immobiliare,1,0.07,4.38,9,14,4,0,15,59.41,0,0
2019,1,1,Istruzione,1,0.07,4.38,6,10,2,0,22,67.65,0,0
2019,12,2,Altri servizi,1,0.07,4.37,9,13,5,0,14,48.58,0,0
2019,10,7,Informazione e comunicazione,1,0.07,4.37,17,22,13,18,0,52.38,0,0
2019,9,2,Altri servizi,1,0.07,4.37,21,26,16,25,0,52.11,0,0
2019,3,9,Istruzione,1,0.07,4.37,12,18,7,8,5,52.83,0,0
2019,5,7,Informazione e comunicazione,1,0.07,4.36,14,19,10,5,2,50.68,0,0
2019,10,20,Amministrazione pubblica e difesa,1,0.07,4.36,17,22,13,18,0,52.38,0,0
2019,3,9,Finanza e assicurazione,1,0.07,4.35,12,18,7,8,5,52.83,0,0
2019,4,11,Amministrazione pubblica e difesa,1,0.07,4.35,15,20,10,12,1,52.24,0,0
2019,11,9,Istruzione,1,0.07,4.35,12,16,9,1,4,53.74,0,0
2019,1,4,Servizi veterinari,1,0.07,4.34,6,10,2,0,22,67.65,0,0
2019,7,2,Sanità e assistenza sociale,1,0.07,4.33,26,32,19,31,0,51.95,0,0
2019,3,16,Servizi veterinari,1,0.07,4.33,12,18,7,8,5,52.83,0,0
2019,6,19,Informazione e comunicazione,1,0.07,4.31,24,30,18,28,0,48.15,0,0
2019,6,4,Servizi veterinari,1,0.07,4.29,24,30,18,28,0,48.15,0,0
2019,7,11,Immobiliare,1,0.07,4.27,26,32,19,31,0,51.95,0,0
2019,8,15,Istruzione,1,0.07,4.27,26,31,20,31,0,46.75,0,0
2019,11,7,Informazione e comunicazione,1,0.07,4.26,12,16,9,1,4,53.74,0,0
2019,10,2,Altri servizi,1,0.07,4.26,17,22,13,18,0,52.38,0,0
2019,2,16,Servizi veterinari,1,0.07,4.25,9,14,4,0,15,59.41,0,0
2019,4,2,Altri servizi,1,0.07,4.23,15,20,10,12,1,52.24,0,0
2019,5,13,Servizi veterinari,1,0.07,4.23,14,19,10,5,2,50.68,0,0
2019,11,20,"Alberghi, ristoranti e bar",1,0.07,4.22,12,16,9,1,4,53.74,0,0
2019,4,18,Altri servizi,1,0.07,4.22,15,20,10,12,1,52.24,0,0
2019,7,11,Finanza e assicurazione,1,0.07,4.21,26,32,19,31,0,51.95,0,0
2019,1,19,Informazione e comunicazione,1,0.07,4.21,6,10,2,0,22,67.65,0,0
2019,11,16,Finanza e assicurazione,1,0.07,4.20,12,16,9,1,4,53.74,0,0
2019,11,7,Immobiliare,1,0.07,4.20,12,16,9,1,4,53.74,0,0
2019,12,9,Istruzione,1,0.07,4.19,9,13,5,0,14,48.58,0,0
2019,4,7,Informazione e comunicazione,1,0.07,4.19,15,20,10,12,1,52.24,0,0
2019,11,14,Servizi veterinari,1,0.07,4.19,12,16,9,1,4,53.74,0,0
2019,5,7,Immobiliare,1,0.07,4.18,14,19,10,5,2,50.68,0,0
2019,9,15,Immobiliare,1,0.07,4.16,21,26,16,25,0,52.11,0,0
2019,6,15,Immobiliare,1,0.07,4.16,24,30,18,28,0,48.15,0,0
2019,12,16,Servizi veterinari,1,0.07,4.16,9,13,5,0,14,48.58,0,0
2019,10,7,Immobiliare,1,0.07,4.15,17,22,13,18,0,52.38,0,0
2019,3,10,Servizi veterinari,1,0.07,4.14,12,18,7,8,5,52.83,0,0
2019,9,4,Servizi veterinari,1,0.07,4.13,21,26,16,25,0,52.11,0,0
2019,1,13,Servizi veterinari,1,0.07,4.11,6,10,2,0,22,67.65,0,0
2019,11,2,Altri servizi,1,0.07,4.10,12,16,9,1,4,53.74,0,0
2019,11,16,Servizi veterinari,1,0.07,4.10,12,16,9,1,4,53.74,0,0
2019,8,20,Amministrazione pubblica e difesa,1,0.07,4.10,26,31,20,31,0,46.75,0,0
2019,2,7,Informazione e comunicazione,1,0.07,4.08,9,14,4,0,15,59.41,0,0
2019,7,20,Amministrazione pubblica e difesa,1,0.07,4.07,26,32,19,31,0,51.95,0,0
2019,12,9,Immobiliare,1,0.07,4.06,9,13,5,0,14,48.58,0,0
2019,4,16,Servizi veterinari,1,0.07,4.06,15,20,10,12,1,52.24,0,0
2019,1,11,Immobiliare,1,0.07,4.06,6,10,2,0,22,67.65,0,0
2019,4,20,Amministrazione pubblica e difesa,1,0.07,4.05,15,20,10,12,1,52.24,0,0
2019,5,9,Finanza e assicurazione,1,0.07,4.05,14,19,10,5,2,50.68,0,0
2019,4,7,Immobiliare,1,0.07,4.05,15,20,10,12,1,52.24,0,0
2019,12,9,Finanza e assicurazione,1,0.07,4.04,9,13,5,0,14,48.58,0,0
2019,4,14,Servizi veterinari,1,0.07,4.04,15,20,10,12,1,52.24,0,0
2019,4,9,Finanza e assicurazione,1,0.07,4.03,15,20,10,12,1,52.24,0,0
2019,8,4,Immobiliare,1,0.07,4.03,26,31,20,31,0,46.75,0,0
2019,12,13,Servizi veterinari,1,0.07,4.03,9,13,5,0,14,48.58,0,0
2019,5,14,Servizi veterinari,1,0.07,4.03,14,19,10,5,2,50.68,0,0
2019,5,16,Servizi veterinari,1,0.07,4.02,14,19,10,5,2,50.68,0,0
2019,3,13,Servizi veterinari,1,0.07,4.02,12,18,7,8,5,52.83,0,0
2019,3,2,Amministrazione pubblica e difesa,1,0.07,4.01,12,18,7,8,5,52.83,0,0
2019,12,19,Informazione e comunicazione,1,0.07,4.01,9,13,5,0,14,48.58,0,0
2019,9,19,Informazione e comunicazione,1,0.07,3.99,21,26,16,25,0,52.11,0,0
2019,10,9,Finanza e assicurazione,1,0.06,3.97,17,22,13,18,0,52.38,0,0
2019,5,2,Amministrazione pubblica e difesa,1,0.06,3.96,14,19,10,5,2,50.68,0,0
2019,8,11,Finanza e assicurazione,1,0.06,3.96,26,31,20,31,0,46.75,0,0
2019,7,12,Sanità e assistenza sociale,1,0.06,3.96,26,32,19,31,0,51.95,0,0
2019,1,11,Finanza e assicurazione,1,0.06,3.96,6,10,2,0,22,67.65,0,0
2019,9,20,Amministrazione pubblica e difesa,1,0.06,3.95,21,26,16,25,0,52.11,0,0
2019,6,2,Sanità e assistenza sociale,1,0.06,3.94,24,30,18,28,0,48.15,0,0
2019,5,20,Amministrazione pubblica e difesa,1,0.06,3.93,14,19,10,5,2,50.68,0,0
2019,8,13,Istruzione,1,0.06,3.93,26,31,20,31,0,46.75,0,0
2019,9,12,"Alberghi, ristoranti e bar",1,0.06,3.93,21,26,16,25,0,52.11,0,0
2019,8,12,Sanità e assistenza sociale,1,0.06,3.93,26,31,20,31,0,46.75,0,0
2019,2,2,Amministrazione pubblica e difesa,1,0.06,3.92,9,14,4,0,15,59.41,0,0
2019,3,19,Informazione e comunicazione,1,0.06,3.92,12,18,7,8,5,52.83,0,0
2019,12,2,Amministrazione pubblica e difesa,1,0.06,3.91,9,13,5,0,14,48.58,0,0
2019,10,9,Istruzione,1,0.06,3.90,17,22,13,18,0,52.38,0,0
2019,3,4,Servizi veterinari,1,0.06,3.88,12,18,7,8,5,52.83,0,0
2019,2,9,Immobiliare,1,0.06,3.87,9,14,4,0,15,59.41,0,0
2019,11,2,Amministrazione pubblica e difesa,1,0.06,3.87,12,16,9,1,4,53.74,0,0
2019,10,19,Informazione e comunicazione,1,0.06,3.87,17,22,13,18,0,52.38,0,0
2019,5,9,Istruzione,1,0.06,3.87,14,19,10,5,2,50.68,0,0
2019,11,9,Finanza e assicurazione,1,0.06,3.86,12,16,9,1,4,53.74,0,0
2019,4,13,Servizi veterinari,1,0.06,3.85,15,20,10,12,1,52.24,0,0
2019,5,19,Informazione e comunicazione,1,0.06,3.85,14,19,10,5,2,50.68,0,0
2019,10,20,"Alberghi, ristoranti e bar",1,0.06,3.84,17,22,13,18,0,52.38,0,0
2019,4,9,Istruzione,1,0.06,3.83,15,20,10,12,1,52.24,0,0
2019,2,4,Servizi veterinari,1,0.06,3.83,9,14,4,0,15,59.41,0,0
2019,11,9,Immobiliare,1,0.06,3.82,12,16,9,1,4,53.74,0,0
2019,11,19,Informazione e comunicazione,1,0.06,3.81,12,16,9,1,4,53.74,0,0
2019,11,13,Servizi veterinari,1,0.06,3.80,12,16,9,1,4,53.74,0,0
2019,2,1,Istruzione,1,0.06,3.80,9,14,4,0,15,59.41,0,0
2019,6,20,Amministrazione pubblica e difesa,1,0.06,3.80,24,30,18,28,0,48.15,0,0
2019,12,4,Servizi veterinari,1,0.06,3.80,9,13,5,0,14,48.58,0,0
2019,3,9,Immobiliare,1,0.06,3.78,12,18,7,8,5,52.83,0,0
2019,8,11,Immobiliare,1,0.06,3.78,26,31,20,31,0,46.75,0,0
2019,8,4,Istruzione,1,0.06,3.76,26,31,20,31,0,46.75,0,0
2019,9,2,Sanità e assistenza sociale,1,0.06,3.76,21,26,16,25,0,52.11,0,0
2019,10,20,Trasporto e magazzinaggio,1,0.06,3.76,17,22,13,18,0,52.38,0,0
2019,4,19,Informazione e comunicazione,1,0.06,3.74,15,20,10,12,1,52.24,0,0
2019,5,20,"Alberghi, ristoranti e bar",1,0.06,3.73,14,19,10,5,2,50.68,0,0
2019,1,19,Amministrazione pubblica e difesa,1,0.06,3.72,6,10,2,0,22,67.65,0,0
2019,8,20,Trasporto e magazzinaggio,1,0.06,3.71,26,31,20,31,0,46.75,0,0
2019,6,11,Immobiliare,1,0.06,3.71,24,30,18,28,0,48.15,0,0
2019,12,1,Istruzione,1,0.06,3.70,9,13,5,0,14,48.58,0,0
2019,1,1,Immobiliare,1,0.06,3.70,6,10,2,0,22,67.65,0,0
2019,3,1,Istruzione,1,0.06,3.69,12,18,7,8,5,52.83,0,0
2019,2,19,Informazione e comunicazione,1,0.06,3.66,9,14,4,0,15,59.41,0,0
2019,10,9,Immobiliare,1,0.06,3.66,17,22,13,18,0,52.38,0,0
2019,7,1,Immobiliare,1,0.06,3.65,26,32,19,31,0,51.95,0,0
2019,7,20,Commercio,1,0.06,3.64,26,32,19,31,0,51.95,0,0
2019,5,12,"Alberghi, ristoranti e bar",1,0.06,3.64,14,19,10,5,2,50.68,0,0
2019,1,20,Altri servizi,1,0.06,3.63,6,10,2,0,22,67.65,0,0
2019,7,20,Trasporto e magazzinaggio,1,0.06,3.63,26,32,19,31,0,51.95,0,0
2019,12,12,"Alberghi, ristoranti e bar",1,0.06,3.62,9,13,5,0,14,48.58,0,0
2019,10,4,Servizi veterinari,1,0.06,3.62,17,22,13,18,0,52.38,0,0
2019,4,4,Servizi veterinari,1,0.06,3.61,15,20,10,12,1,52.24,0,0
2019,4,2,Amministrazione pubblica e difesa,1,0.06,3.61,15,20,10,12,1,52.24,0,0
2019,1,12,"Alberghi, ristoranti e bar",1,0.06,3.60,6,10,2,0,22,67.65,0,0
2019,2,13,Servizi veterinari,1,0.06,3.59,9,14,4,0,15,59.41,0,0
2019,6,12,Sanità e assistenza sociale,1,0.06,3.57,24,30,18,28,0,48.15,0,0
2019,5,4,Servizi veterinari,1,0.06,3.56,14,19,10,5,2,50.68,0,0
2019,8,20,Commercio,1,0.06,3.56,26,31,20,31,0,46.75,0,0
2019,6,11,Finanza e assicurazione,1,0.06,3.56,24,30,18,28,0,48.15,0,0
2019,8,1,Immobiliare,1,0.06,3.55,26,31,20,31,0,46.75,0,0
2019,8,19,Sanità e assistenza sociale,1,0.06,3.55,26,31,20,31,0,46.75,0,0
2019,1,2,Sanità e assistenza sociale,1,0.06,3.55,6,10,2,0,22,67.65,0,0
2019,12,11,Immobiliare,1,0.06,3.55,9,13,5,0,14,48.58,0,0
2019,11,4,Servizi veterinari,1,0.06,3.54,12,16,9,1,4,53.74,0,0
2019,7,19,Amministrazione pubblica e difesa,1,0.06,3.54,26,32,19,31,0,51.95,0,0
2019,1,15,Immobiliare,1,0.06,3.54,6,10,2,0,22,67.65,0,0
2019,10,2,Sanità e assistenza sociale,1,0.06,3.53,17,22,13,18,0,52.38,0,0
2019,7,4,Immobiliare,1,0.06,3.52,26,32,19,31,0,51.95,0,0
2019,12,20,Altri servizi,1,0.06,3.51,9,13,5,0,14,48.58,0,0
2019,5,9,Immobiliare,1,0.06,3.51,14,19,10,5,2,50.68,0,0
2019,7,1,Istruzione,1,0.06,3.49,26,32,19,31,0,51.95,0,0
2019,11,1,Istruzione,1,0.06,3.49,12,16,9,1,4,53.74,0,0
2019,1,7,Istruzione,1,0.06,3.49,6,10,2,0,22,67.65,0,0
2019,10,12,"Alberghi, ristoranti e bar",1,0.06,3.48,17,22,13,18,0,52.38,0,0
2019,7,9,Istruzione,1,0.06,3.47,26,32,19,31,0,51.95,0,0
2019,3,12,"Alberghi, ristoranti e bar",1,0.06,3.46,12,18,7,8,5,52.83,0,0
2019,12,2,Sanità e assistenza sociale,1,0.06,3.45,9,13,5,0,14,48.58,0,0
2019,4,12,"Alberghi, ristoranti e bar",1,0.06,3.42,15,20,10,12,1,52.24,0,0
2019,7,19,Sanità e assistenza sociale,1,0.06,3.41,26,32,19,31,0,51.95,0,0
2019,5,20,Trasporto e magazzinaggio,1,0.06,3.40,14,19,10,5,2,50.68,0,0
2019,12,20,Commercio,1,0.06,3.39,9,13,5,0,14,48.58,0,0
2019,4,9,Immobiliare,1,0.06,3.38,15,20,10,12,1,52.24,0,0
2019,11,2,Sanità e assistenza sociale,1,0.05,3.37,12,16,9,1,4,53.74,0,0
2019,8,19,Amministrazione pubblica e difesa,1,0.05,3.36,26,31,20,31,0,46.75,0,0
2019,2,11,Immobiliare,1,0.05,3.36,9,14,4,0,15,59.41,0,0
2019,1,20,Commercio,1,0.05,3.34,6,10,2,0,22,67.65,0,0
2019,11,11,Immobiliare,1,0.05,3.33,12,16,9,1,4,53.74,0,0
2019,1,12,Sanità e assistenza sociale,1,0.05,3.33,6,10,2,0,22,67.65,0,0
2019,6,1,Istruzione,1,0.05,3.32,24,30,18,28,0,48.15,0,0
2019,9,9,Istruzione,1,0.05,3.31,21,26,16,25,0,52.11,0,0
2019,6,9,Istruzione,1,0.05,3.29,24,30,18,28,0,48.15,0,0
2019,11,12,"Alberghi, ristoranti e bar",1,0.05,3.28,12,16,9,1,4,53.74,0,0
2019,9,11,Immobiliare,1,0.05,3.28,21,26,16,25,0,52.11,0,0
2019,3,2,Sanità e assistenza sociale,1,0.05,3.27,12,18,7,8,5,52.83,0,0
2019,5,2,Sanità e assistenza sociale,1,0.05,3.26,14,19,10,5,2,50.68,0,0
2019,7,7,Finanza e assicurazione,1,0.05,3.26,26,32,19,31,0,51.95,0,0
2019,1,15,Finanza e assicurazione,1,0.05,3.26,6,10,2,0,22,67.65,0,0
2019,10,15,Immobiliare,1,0.05,3.24,17,22,13,18,0,52.38,0,0
2019,10,1,Istruzione,1,0.05,3.24,17,22,13,18,0,52.38,0,0
2019,3,20,Altri servizi,1,0.05,3.23,12,18,7,8,5,52.83,0,0
2019,7,15,Finanza e assicurazione,1,0.05,3.23,26,32,19,31,0,51.95,0,0
2019,1,7,Finanza e assicurazione,1,0.05,3.22,6,10,2,0,22,67.65,0,0
2019,3,11,Immobiliare,1,0.05,3.22,12,18,7,8,5,52.83,0,0
2019,5,1,Istruzione,1,0.05,3.22,14,19,10,5,2,50.68,0,0
2019,9,12,Sanità e assistenza sociale,1,0.05,3.21,21,26,16,25,0,52.11,0,0
2019,2,11,Finanza e assicurazione,1,0.05,3.20,9,14,4,0,15,59.41,0,0
2019,2,12,"Alberghi, ristoranti e bar",1,0.05,3.18,9,14,4,0,15,59.41,0,0
2019,6,1,Immobiliare,1,0.05,3.17,24,30,18,28,0,48.15,0,0
2019,4,1,Istruzione,1,0.05,3.16,15,20,10,12,1,52.24,0,0
2019,2,20,Altri servizi,1,0.05,3.15,9,14,4,0,15,59.41,0,0
2019,5,15,Immobiliare,1,0.05,3.15,14,19,10,5,2,50.68,0,0
2019,9,20,Trasporto e magazzinaggio,1,0.05,3.14,21,26,16,25,0,52.11,0,0
2019,12,12,Sanità e assistenza sociale,1,0.05,3.13,9,13,5,0,14,48.58,0,0
2019,2,2,Sanità e assistenza sociale,1,0.05,3.13,9,14,4,0,15,59.41,0,0
2019,4,2,Sanità e assistenza sociale,1,0.05,3.13,15,20,10,12,1,52.24,0,0
2019,6,20,Trasporto e magazzinaggio,1,0.05,3.11,24,30,18,28,0,48.15,0,0
2019,2,19,Amministrazione pubblica e difesa,1,0.05,3.11,9,14,4,0,15,59.41,0,0
2019,6,19,Amministrazione pubblica e difesa,1,0.05,3.09,24,30,18,28,0,48.15,0,0
2019,10,11,Immobiliare,1,0.05,3.09,17,22,13,18,0,52.38,0,0
2019,6,20,Commercio,1,0.05,3.09,24,30,18,28,0,48.15,0,0
2019,9,1,Istruzione,1,0.05,3.09,21,26,16,25,0,52.11,0,0
2019,12,19,Amministrazione pubblica e difesa,1,0.05,3.07,9,13,5,0,14,48.58,0,0
2019,3,19,Amministrazione pubblica e difesa,1,0.05,3.06,12,18,7,8,5,52.83,0,0
2019,3,20,Commercio,1,0.05,3.06,12,18,7,8,5,52.83,0,0
2019,11,20,Commercio,1,0.05,3.05,12,16,9,1,4,53.74,0,0
2019,9,1,Immobiliare,1,0.05,3.05,21,26,16,25,0,52.11,0,0
2019,8,20,Altri servizi,1,0.05,3.04,26,31,20,31,0,46.75,0,0
2019,3,11,Finanza e assicurazione,1,0.05,3.03,12,18,7,8,5,52.83,0,0
2019,5,11,Immobiliare,1,0.05,3.01,14,19,10,5,2,50.68,0,0
2019,7,20,Altri servizi,1,0.05,3.01,26,32,19,31,0,51.95,0,0
2019,1,1,Finanza e assicurazione,1,0.05,3.01,6,10,2,0,22,67.65,0,0
2019,9,11,Finanza e assicurazione,1,0.05,3.00,21,26,16,25,0,52.11,0,0
2019,9,20,Commercio,1,0.05,3.00,21,26,16,25,0,52.11,0,0
2019,2,15,Immobiliare,1,0.05,3.00,9,14,4,0,15,59.41,0,0
2019,2,7,Istruzione,1,0.05,3.00,9,14,4,0,15,59.41,0,0
2019,7,1,Finanza e assicurazione,1,0.05,3.00,26,32,19,31,0,51.95,0,0
2019,12,11,Finanza e assicurazione,1,0.05,2.99,9,13,5,0,14,48.58,0,0
2019,10,20,Commercio,1,0.05,2.99,17,22,13,18,0,52.38,0,0
2019,2,1,Immobiliare,1,0.05,2.99,9,14,4,0,15,59.41,0,0
2019,8,7,Finanza e assicurazione,1,0.05,2.98,26,31,20,31,0,46.75,0,0
2019,10,12,Trasporto e magazzinaggio,1,0.05,2.98,17,22,13,18,0,52.38,0,0
2019,3,15,Immobiliare,1,0.05,2.97,12,18,7,8,5,52.83,0,0
2019,10,12,Sanità e assistenza sociale,1,0.05,2.97,17,22,13,18,0,52.38,0,0
2019,7,7,Sanità e assistenza sociale,1,0.05,2.97,26,32,19,31,0,51.95,0,0
2019,2,20,Commercio,1,0.05,2.97,9,14,4,0,15,59.41,0,0
2019,12,15,Immobiliare,1,0.05,2.96,9,13,5,0,14,48.58,0,0
2019,4,11,Immobiliare,1,0.05,2.96,15,20,10,12,1,52.24,0,0
2019,5,12,Sanità e assistenza sociale,1,0.05,2.96,14,19,10,5,2,50.68,0,0
2019,8,15,Finanza e assicurazione,1,0.05,2.95,26,31,20,31,0,46.75,0,0
2019,1,19,Trasporto e magazzinaggio,1,0.05,2.94,6,10,2,0,22,67.65,0,0
2019,3,12,Sanità e assistenza sociale,1,0.05,2.94,12,18,7,8,5,52.83,0,0
2019,8,1,Istruzione,1,0.05,2.94,26,31,20,31,0,46.75,0,0
2019,11,12,Sanità e assistenza sociale,1,0.05,2.93,12,16,9,1,4,53.74,0,0
2019,4,15,Immobiliare,1,0.05,2.92,15,20,10,12,1,52.24,0,0
2019,3,7,Istruzione,1,0.05,2.88,12,18,7,8,5,52.83,0,0
2019,6,4,Immobiliare,1,0.05,2.88,24,30,18,28,0,48.15,0,0
2019,2,12,Sanità e assistenza sociale,1,0.05,2.88,9,14,4,0,15,59.41,0,0
2019,7,19,Trasporto e magazzinaggio,1,0.05,2.86,26,32,19,31,0,51.95,0,0
2019,6,19,Sanità e assistenza sociale,1,0.05,2.86,24,30,18,28,0,48.15,0,0
2019,6,7,Finanza e assicurazione,1,0.05,2.85,24,30,18,28,0,48.15,0,0
2019,9,19,Sanità e assistenza sociale,1,0.05,2.85,21,26,16,25,0,52.11,0,0
2019,11,19,Amministrazione pubblica e difesa,1,0.05,2.85,12,16,9,1,4,53.74,0,0
2019,11,15,Immobiliare,1,0.05,2.85,12,16,9,1,4,53.74,0,0
2019,9,19,Amministrazione pubblica e difesa,1,0.05,2.83,21,26,16,25,0,52.11,0,0
2019,7,17,Servizi veterinari,1,0.05,2.83,26,32,19,31,0,51.95,0,0
2019,8,2,Informazione e comunicazione,1,0.05,2.82,26,31,20,31,0,46.75,0,0
2019,5,20,Commercio,1,0.05,2.82,14,19,10,5,2,50.68,0,0
2019,11,20,Altri servizi,1,0.05,2.82,12,16,9,1,4,53.74,0,0
2019,4,20,Commercio,1,0.05,2.82,15,20,10,12,1,52.24,0,0
2019,8,9,Istruzione,1,0.05,2.81,26,31,20,31,0,46.75,0,0
2019,7,2,Informazione e comunicazione,1,0.05,2.80,26,32,19,31,0,51.95,0,0
2019,5,19,Amministrazione pubblica e difesa,1,0.05,2.80,14,19,10,5,2,50.68,0,0
2019,8,19,Trasporto e magazzinaggio,1,0.05,2.78,26,31,20,31,0,46.75,0,0
2019,8,1,Finanza e assicurazione,1,0.05,2.78,26,31,20,31,0,46.75,0,0
2019,12,18,Immobiliare,1,0.05,2.77,9,13,5,0,14,48.58,0,0
2019,4,12,Sanità e assistenza sociale,1,0.05,2.77,15,20,10,12,1,52.24,0,0
2019,1,18,Immobiliare,1,0.04,2.76,6,10,2,0,22,67.65,0,0
2019,3,1,Immobiliare,1,0.04,2.76,12,18,7,8,5,52.83,0,0
2019,8,17,Servizi veterinari,1,0.04,2.75,26,31,20,31,0,46.75,0,0
2019,12,1,Immobiliare,1,0.04,2.75,9,13,5,0,14,48.58,0,0
2019,10,19,Amministrazione pubblica e difesa,1,0.04,2.75,17,22,13,18,0,52.38,0,0
2019,7,18,Informazione e comunicazione,1,0.04,2.74,26,32,19,31,0,51.95,0,0
2019,5,11,Finanza e assicurazione,1,0.04,2.73,14,19,10,5,2,50.68,0,0
2019,4,20,Altri servizi,1,0.04,2.73,15,20,10,12,1,52.24,0,0
2019,1,11,Istruzione,1,0.04,2.72,6,10,2,0,22,67.65,0,0
2019,2,15,Finanza e assicurazione,1,0.04,2.72,9,14,4,0,15,59.41,0,0
2019,4,11,Finanza e assicurazione,1,0.04,2.70,15,20,10,12,1,52.24,0,0
2019,4,19,Amministrazione pubblica e difesa,1,0.04,2.69,15,20,10,12,1,52.24,0,0
2019,1,2,Informazione e comunicazione,1,0.04,2.68,6,10,2,0,22,67.65,0,0
2019,6,7,Sanità e assistenza sociale,1,0.04,2.68,24,30,18,28,0,48.15,0,0
2019,8,7,Sanità e assistenza sociale,1,0.04,2.68,26,31,20,31,0,46.75,0,0
2019,8,18,Informazione e comunicazione,1,0.04,2.66,26,31,20,31,0,46.75,0,0
2019,7,8,Servizi veterinari,1,0.04,2.65,26,32,19,31,0,51.95,0,0
2019,2,7,Finanza e assicurazione,1,0.04,2.65,9,14,4,0,15,59.41,0,0
2019,9,4,Immobiliare,1,0.04,2.65,21,26,16,25,0,52.11,0,0
2019,10,11,Finanza e assicurazione,1,0.04,2.65,17,22,13,18,0,52.38,0,0
2019,11,11,Finanza e assicurazione,1,0.04,2.64,12,16,9,1,4,53.74,0,0
2019,12,12,Altri servizi,1,0.04,2.63,9,13,5,0,14,48.58,0,0
2019,10,19,Trasporto e magazzinaggio,1,0.04,2.62,17,22,13,18,0,52.38,0,0
2019,1,4,Finanza e assicurazione,1,0.04,2.61,6,10,2,0,22,67.65,0,0
2019,6,18,Informazione e comunicazione,1,0.04,2.61,24,30,18,28,0,48.15,0,0
2019,10,19,Sanità e assistenza sociale,1,0.04,2.61,17,22,13,18,0,52.38,0,0
2019,3,19,Trasporto e magazzinaggio,1,0.04,2.61,12,18,7,8,5,52.83,0,0
2019,6,20,Altri servizi,1,0.04,2.61,24,30,18,28,0,48.15,0,0
2019,6,2,Informazione e comunicazione,1,0.04,2.60,24,30,18,28,0,48.15,0,0
2019,12,19,Trasporto e magazzinaggio,1,0.04,2.60,9,13,5,0,14,48.58,0,0
2019,7,4,Finanza e assicurazione,1,0.04,2.60,26,32,19,31,0,51.95,0,0
2019,11,7,Istruzione,1,0.04,2.58,12,16,9,1,4,53.74,0,0
2019,12,7,Istruzione,1,0.04,2.58,9,13,5,0,14,48.58,0,0
2019,3,15,Finanza e assicurazione,1,0.04,2.58,12,18,7,8,5,52.83,0,0
2019,9,19,Trasporto e magazzinaggio,1,0.04,2.58,21,26,16,25,0,52.11,0,0
2019,12,2,Trasporto e magazzinaggio,1,0.04,2.56,9,13,5,0,14,48.58,0,0
2019,8,8,Servizi veterinari,1,0.04,2.56,26,31,20,31,0,46.75,0,0
2019,6,1,Finanza e assicurazione,1,0.04,2.56,24,30,18,28,0,48.15,0,0
2019,11,1,Immobiliare,1,0.04,2.55,12,16,9,1,4,53.74,0,0
2019,12,2,Informazione e comunicazione,1,0.04,2.54,9,13,5,0,14,48.58,0,0
2019,10,1,Immobiliare,1,0.04,2.53,17,22,13,18,0,52.38,0,0
2019,6,15,Finanza e assicurazione,1,0.04,2.53,24,30,18,28,0,48.15,0,0
2019,6,19,Trasporto e magazzinaggio,1,0.04,2.53,24,30,18,28,0,48.15,0,0
2019,2,19,Trasporto e magazzinaggio,1,0.04,2.52,9,14,4,0,15,59.41,0,0
2019,7,7,Servizi veterinari,1,0.04,2.52,26,32,19,31,0,51.95,0,0
2019,7,2,Trasporto e magazzinaggio,1,0.04,2.52,26,32,19,31,0,51.95,0,0
2019,9,2,Informazione e comunicazione,1,0.04,2.51,21,26,16,25,0,52.11,0,0
2019,3,2,Informazione e comunicazione,1,0.04,2.51,12,18,7,8,5,52.83,0,0
2019,11,19,Trasporto e magazzinaggio,1,0.04,2.49,12,16,9,1,4,53.74,0,0
2019,9,15,Finanza e assicurazione,1,0.04,2.49,21,26,16,25,0,52.11,0,0
2019,6,12,Trasporto e magazzinaggio,1,0.04,2.49,24,30,18,28,0,48.15,0,0
2019,5,20,Altri servizi,1,0.04,2.48,14,19,10,5,2,50.68,0,0
2019,3,7,Finanza e assicurazione,1,0.04,2.48,12,18,7,8,5,52.83,0,0
2019,8,1,Servizi veterinari,1,0.04,2.47,26,31,20,31,0,46.75,0,0
2019,10,2,Informazione e comunicazione,1,0.04,2.47,17,22,13,18,0,52.38,0,0
2019,8,7,Servizi veterinari,1,0.04,2.47,26,31,20,31,0,46.75,0,0
2019,11,19,Sanità e assistenza sociale,1,0.04,2.47,12,16,9,1,4,53.74,0,0
2019,7,1,Servizi veterinari,1,0.04,2.46,26,32,19,31,0,51.95,0,0
2019,2,1,Finanza e assicurazione,1,0.04,2.46,9,14,4,0,15,59.41,0,0
2019,1,7,Sanità e assistenza sociale,1,0.04,2.46,6,10,2,0,22,67.65,0,0
2019,8,2,Trasporto e magazzinaggio,1,0.04,2.45,26,31,20,31,0,46.75,0,0
2019,4,7,Istruzione,1,0.04,2.45,15,20,10,12,1,52.24,0,0
2019,10,20,Altri servizi,1,0.04,2.45,17,22,13,18,0,52.38,0,0
2019,8,4,Finanza e assicurazione,1,0.04,2.45,26,31,20,31,0,46.75,0,0
2019,11,18,Immobiliare,1,0.04,2.44,12,16,9,1,4,53.74,0,0
2019,5,19,Trasporto e magazzinaggio,1,0.04,2.44,14,19,10,5,2,50.68,0,0
2019,1,12,Altri servizi,1,0.04,2.43,6,10,2,0,22,67.65,0,0
2019,5,2,Informazione e comunicazione,1,0.04,2.42,14,19,10,5,2,50.68,0,0
2019,9,20,Altri servizi,1,0.04,2.42,21,26,16,25,0,52.11,0,0
2019,12,19,Sanità e assistenza sociale,1,0.04,2.42,9,13,5,0,14,48.58,0,0
2019,5,7,Istruzione,1,0.04,2.42,14,19,10,5,2,50.68,0,0
2019,2,18,Immobiliare,1,0.04,2.41,9,14,4,0,15,59.41,0,0
2019,12,1,Finanza e assicurazione,1,0.04,2.41,9,13,5,0,14,48.58,0,0
2019,3,1,Finanza e assicurazione,1,0.04,2.41,12,18,7,8,5,52.83,0,0
2019,9,2,Trasporto e magazzinaggio,1,0.04,2.41,21,26,16,25,0,52.11,0,0
2019,1,8,Servizi veterinari,1,0.04,2.41,6,10,2,0,22,67.65,0,0
2019,12,7,Finanza e assicurazione,1,0.04,2.41,9,13,5,0,14,48.58,0,0
2019,1,19,Sanità e assistenza sociale,1,0.04,2.40,6,10,2,0,22,67.65,0,0
2019,12,18,Informazione e comunicazione,1,0.04,2.39,9,13,5,0,14,48.58,0,0
2019,11,2,Trasporto e magazzinaggio,1,0.04,2.39,12,16,9,1,4,53.74,0,0
2019,12,15,Finanza e assicurazione,1,0.04,2.39,9,13,5,0,14,48.58,0,0
2019,6,17,Servizi veterinari,1,0.04,2.39,24,30,18,28,0,48.15,0,0
2019,11,2,Informazione e comunicazione,1,0.04,2.38,12,16,9,1,4,53.74,0,0
2019,2,2,Informazione e comunicazione,1,0.04,2.38,9,14,4,0,15,59.41,0,0
2019,7,12,Trasporto e magazzinaggio,1,0.04,2.37,26,32,19,31,0,51.95,0,0
2019,4,19,Trasporto e magazzinaggio,1,0.04,2.37,15,20,10,12,1,52.24,0,0
2019,3,18,Immobiliare,1,0.04,2.37,12,18,7,8,5,52.83,0,0
2019,1,2,Trasporto e magazzinaggio,1,0.04,2.37,6,10,2,0,22,67.65,0,0
2019,4,2,Informazione e comunicazione,1,0.04,2.37,15,20,10,12,1,52.24,0,0
2019,3,18,Informazione e comunicazione,1,0.04,2.37,12,18,7,8,5,52.83,0,0
2019,10,2,Trasporto e magazzinaggio,1,0.04,2.36,17,22,13,18,0,52.38,0,0
2019,1,18,Informazione e comunicazione,1,0.04,2.36,6,10,2,0,22,67.65,0,0
2019,9,18,Informazione e comunicazione,1,0.04,2.36,21,26,16,25,0,52.11,0,0
2019,5,2,Trasporto e magazzinaggio,1,0.04,2.36,14,19,10,5,2,50.68,0,0
2019,5,18,Informazione e comunicazione,1,0.04,2.35,14,19,10,5,2,50.68,0,0
2019,11,12,Trasporto e magazzinaggio,1,0.04,2.35,12,16,9,1,4,53.74,0,0
2019,6,2,Trasporto e magazzinaggio,1,0.04,2.34,24,30,18,28,0,48.15,0,0
2019,12,7,Sanità e assistenza sociale,1,0.04,2.32,9,13,5,0,14,48.58,0,0
2019,9,7,Finanza e assicurazione,1,0.04,2.32,21,26,16,25,0,52.11,0,0
2019,10,7,Istruzione,1,0.04,2.30,17,22,13,18,0,52.38,0,0
2019,6,7,Servizi veterinari,1,0.04,2.30,24,30,18,28,0,48.15,0,0
2019,9,17,Servizi veterinari,1,0.04,2.30,21,26,16,25,0,52.11,0,0
2019,10,18,Informazione e comunicazione,1,0.04,2.30,17,22,13,18,0,52.38,0,0
2019,3,2,Trasporto e magazzinaggio,1,0.04,2.29,12,18,7,8,5,52.83,0,0
2019,9,1,Finanza e assicurazione,1,0.04,2.29,21,26,16,25,0,52.11,0,0
2019,11,18,Informazione e comunicazione,1,0.04,2.28,12,16,9,1,4,53.74,0,0
2019,4,18,Informazione e comunicazione,1,0.04,2.27,15,20,10,12,1,52.24,0,0
2019,2,11,Istruzione,1,0.04,2.27,9,14,4,0,15,59.41,0,0
2019,9,7,Sanità e assistenza sociale,1,0.04,2.26,21,26,16,25,0,52.11,0,0
2019,7,12,Altri servizi,1,0.04,2.26,26,32,19,31,0,51.95,0,0
2019,4,1,Immobiliare,1,0.04,2.26,15,20,10,12,1,52.24,0,0
2019,6,8,Servizi veterinari,1,0.04,2.25,24,30,18,28,0,48.15,0,0
2019,5,7,Finanza e assicurazione,1,0.04,2.25,14,19,10,5,2,50.68,0,0
2019,8,12,Altri servizi,1,0.04,2.24,26,31,20,31,0,46.75,0,0
2019,4,2,Trasporto e magazzinaggio,1,0.04,2.24,15,20,10,12,1,52.24,0,0
2019,4,15,Finanza e assicurazione,1,0.04,2.24,15,20,10,12,1,52.24,0,0
2019,5,1,Immobiliare,1,0.04,2.24,14,19,10,5,2,50.68,0,0
2019,10,15,Finanza e assicurazione,1,0.04,2.23,17,22,13,18,0,52.38,0,0
2019,11,15,Finanza e assicurazione,1,0.04,2.22,12,16,9,1,4,53.74,0,0
2019,2,2,Trasporto e magazzinaggio,1,0.04,2.21,9,14,4,0,15,59.41,0,0
2019,11,7,Sanità e assistenza sociale,1,0.04,2.20,12,16,9,1,4,53.74,0,0
2019,7,18,Immobiliare,1,0.04,2.19,26,32,19,31,0,51.95,0,0
2019,3,11,Istruzione,1,0.04,2.18,12,18,7,8,5,52.83,0,0
2019,10,7,Sanità e assistenza sociale,1,0.04,2.18,17,22,13,18,0,52.38,0,0
2019,6,1,Servizi veterinari,1,0.04,2.18,24,30,18,28,0,48.15,0,0
2019,8,18,Immobiliare,1,0.04,2.18,26,31,20,31,0,46.75,0,0
2019,5,1,Finanza e assicurazione,1,0.04,2.17,14,19,10,5,2,50.68,0,0
2019,4,7,Finanza e assicurazione,1,0.04,2.16,15,20,10,12,1,52.24,0,0
2019,4,1,Finanza e assicurazione,1,0.04,2.16,15,20,10,12,1,52.24,0,0
2019,11,7,Finanza e assicurazione,1,0.04,2.16,12,16,9,1,4,53.74,0,0
2019,2,7,Sanità e assistenza sociale,1,0.04,2.16,9,14,4,0,15,59.41,0,0
2019,3,7,Sanità e assistenza sociale,1,0.04,2.15,12,18,7,8,5,52.83,0,0
2019,2,18,Informazione e comunicazione,1,0.04,2.15,9,14,4,0,15,59.41,0,0
2019,3,19,Sanità e assistenza sociale,1,0.04,2.15,12,18,7,8,5,52.83,0,0
2019,9,8,Servizi veterinari,1,0.03,2.14,21,26,16,25,0,52.11,0,0
2019,7,20,Informazione e comunicazione,1,0.03,2.13,26,32,19,31,0,51.95,0,0
2019,2,4,Finanza e assicurazione,1,0.03,2.13,9,14,4,0,15,59.41,0,0
2019,11,8,Servizi veterinari,1,0.03,2.13,12,16,9,1,4,53.74,0,0
2019,10,18,Immobiliare,1,0.03,2.12,17,22,13,18,0,52.38,0,0
2019,12,12,Trasporto e magazzinaggio,1,0.03,2.12,9,13,5,0,14,48.58,0,0
2019,4,19,Sanità e assistenza sociale,1,0.03,2.12,15,20,10,12,1,52.24,0,0
2019,6,4,Finanza e assicurazione,1,0.03,2.11,24,30,18,28,0,48.15,0,0
2019,2,19,Sanità e assistenza sociale,1,0.03,2.11,9,14,4,0,15,59.41,0,0
2019,11,1,Finanza e assicurazione,1,0.03,2.11,12,16,9,1,4,53.74,0,0
2019,8,20,Informazione e comunicazione,1,0.03,2.11,26,31,20,31,0,46.75,0,0
2019,5,15,Finanza e assicurazione,1,0.03,2.10,14,19,10,5,2,50.68,0,0
2019,10,12,Altri servizi,1,0.03,2.10,17,22,13,18,0,52.38,0,0
2019,1,20,Informazione e comunicazione,1,0.03,2.10,6,10,2,0,22,67.65,0,0
2019,6,12,Altri servizi,1,0.03,2.09,24,30,18,28,0,48.15,0,0
2019,1,4,Immobiliare,1,0.03,2.08,6,10,2,0,22,67.65,0,0
2019,12,11,Istruzione,1,0.03,2.08,9,13,5,0,14,48.58,0,0
2019,10,8,Servizi veterinari,1,0.03,2.08,17,22,13,18,0,52.38,0,0
2019,10,7,Finanza e assicurazione,1,0.03,2.08,17,22,13,18,0,52.38,0,0
2019,5,19,Sanità e assistenza sociale,1,0.03,2.08,14,19,10,5,2,50.68,0,0
2019,6,7,Istruzione,1,0.03,2.07,24,30,18,28,0,48.15,0,0
2019,5,7,Sanità e assistenza sociale,1,0.03,2.06,14,19,10,5,2,50.68,0,0
2019,10,1,Finanza e assicurazione,1,0.03,2.05,17,22,13,18,0,52.38,0,0
2019,8,12,Trasporto e magazzinaggio,1,0.03,2.05,26,31,20,31,0,46.75,0,0
2019,7,7,Istruzione,1,0.03,2.05,26,32,19,31,0,51.95,0,0
2019,6,18,Immobiliare,1,0.03,2.05,24,30,18,28,0,48.15,0,0
2019,9,4,Finanza e assicurazione,1,0.03,2.05,21,26,16,25,0,52.11,0,0
2019,1,19,Immobiliare,1,0.03,2.04,6,10,2,0,22,67.65,0,0
2019,12,8,Servizi veterinari,1,0.03,2.04,9,13,5,0,14,48.58,0,0
2019,12,20,Informazione e comunicazione,1,0.03,2.04,9,13,5,0,14,48.58,0,0
2019,3,8,Servizi veterinari,1,0.03,2.04,12,18,7,8,5,52.83,0,0
2019,3,20,Informazione e comunicazione,1,0.03,2.03,12,18,7,8,5,52.83,0,0
2019,2,12,Altri servizi,1,0.03,2.03,9,14,4,0,15,59.41,0,0
2019,2,8,Servizi veterinari,1,0.03,2.02,9,14,4,0,15,59.41,0,0
2019,5,18,Immobiliare,1,0.03,2.02,14,19,10,5,2,50.68,0,0
2019,9,7,Servizi veterinari,1,0.03,2.02,21,26,16,25,0,52.11,0,0
2019,10,20,Informazione e comunicazione,1,0.03,2.02,17,22,13,18,0,52.38,0,0
2019,5,20,Informazione e comunicazione,1,0.03,2.02,14,19,10,5,2,50.68,0,0
2019,6,20,Informazione e comunicazione,1,0.03,2.02,24,30,18,28,0,48.15,0,0
2019,4,18,Immobiliare,1,0.03,2.01,15,20,10,12,1,52.24,0,0
2019,9,1,Servizi veterinari,1,0.03,2.00,21,26,16,25,0,52.11,0,0
2019,9,18,Immobiliare,1,0.03,1.99,21,26,16,25,0,52.11,0,0
2019,11,11,Istruzione,1,0.03,1.99,12,16,9,1,4,53.74,0,0
2019,1,17,Servizi veterinari,1,0.03,1.98,6,10,2,0,22,67.65,0,0
2019,10,17,Servizi veterinari,1,0.03,1.98,17,22,13,18,0,52.38,0,0
2019,5,12,Trasporto e magazzinaggio,1,0.03,1.97,14,19,10,5,2,50.68,0,0
2019,8,2,Servizi veterinari,1,0.03,1.97,26,31,20,31,0,46.75,0,0
2019,4,7,Sanità e assistenza sociale,1,0.03,1.97,15,20,10,12,1,52.24,0,0
2019,5,11,Istruzione,1,0.03,1.97,14,19,10,5,2,50.68,0,0
2019,9,20,Informazione e comunicazione,1,0.03,1.97,21,26,16,25,0,52.11,0,0
2019,3,12,Altri servizi,1,0.03,1.96,12,18,7,8,5,52.83,0,0
2019,1,15,Servizi veterinari,1,0.03,1.96,6,10,2,0,22,67.65,0,0
2019,11,20,Informazione e comunicazione,1,0.03,1.95,12,16,9,1,4,53.74,0,0
2019,10,11,Istruzione,1,0.03,1.94,17,22,13,18,0,52.38,0,0
2019,4,20,Informazione e comunicazione,1,0.03,1.94,15,20,10,12,1,52.24,0,0
2019,12,1,Servizi veterinari,1,0.03,1.94,9,13,5,0,14,48.58,0,0
2019,3,12,Trasporto e magazzinaggio,1,0.03,1.93,12,18,7,8,5,52.83,0,0
2019,3,4,Finanza e assicurazione,1,0.03,1.93,12,18,7,8,5,52.83,0,0
2019,7,2,Servizi veterinari,1,0.03,1.92,26,32,19,31,0,51.95,0,0
2019,12,4,Finanza e assicurazione,1,0.03,1.91,9,13,5,0,14,48.58,0,0
2019,12,18,"Attività professionali, scientifiche e tecniche",1,0.03,1.91,9,13,5,0,14,48.58,0,0
2019,9,7,Istruzione,1,0.03,1.90,21,26,16,25,0,52.11,0,0
2019,7,12,"Attività professionali, scientifiche e tecniche",1,0.03,1.90,26,32,19,31,0,51.95,0,0
2019,1,12,"Attività professionali, scientifiche e tecniche",1,0.03,1.89,6,10,2,0,22,67.65,0,0
2019,1,1,Servizi veterinari,1,0.03,1.87,6,10,2,0,22,67.65,0,0
2019,7,15,Servizi veterinari,1,0.03,1.87,26,32,19,31,0,51.95,0,0
2019,12,12,"Attività professionali, scientifiche e tecniche",1,0.03,1.87,9,13,5,0,14,48.58,0,0
2019,11,18,"Attività professionali, scientifiche e tecniche",1,0.03,1.86,12,16,9,1,4,53.74,0,0
2019,5,8,Servizi veterinari,1,0.03,1.86,14,19,10,5,2,50.68,0,0
2019,7,19,Immobiliare,1,0.03,1.86,26,32,19,31,0,51.95,0,0
2019,2,20,Informazione e comunicazione,1,0.03,1.85,9,14,4,0,15,59.41,0,0
2019,1,19,Istruzione,1,0.03,1.85,6,10,2,0,22,67.65,0,0
2019,9,12,Altri servizi,1,0.03,1.85,21,26,16,25,0,52.11,0,0
2019,10,4,Immobiliare,1,0.03,1.84,17,22,13,18,0,52.38,0,0
2019,4,11,Istruzione,1,0.03,1.84,15,20,10,12,1,52.24,0,0
2019,8,12,"Attività professionali, scientifiche e tecniche",1,0.03,1.84,26,31,20,31,0,46.75,0,0
2019,1,12,Amministrazione pubblica e difesa,1,0.03,1.84,6,10,2,0,22,67.65,0,0
2019,4,8,Servizi veterinari,1,0.03,1.84,15,20,10,12,1,52.24,0,0
2019,5,7,Servizi veterinari,1,0.03,1.84,14,19,10,5,2,50.68,0,0
2019,8,19,Immobiliare,1,0.03,1.83,26,31,20,31,0,46.75,0,0
2019,10,7,Servizi veterinari,1,0.03,1.83,17,22,13,18,0,52.38,0,0
2019,11,12,Altri servizi,1,0.03,1.83,12,16,9,1,4,53.74,0,0
2019,3,1,Servizi veterinari,1,0.03,1.82,12,18,7,8,5,52.83,0,0
2019,4,12,Altri servizi,1,0.03,1.81,15,20,10,12,1,52.24,0,0
2019,5,12,Altri servizi,1,0.03,1.80,14,19,10,5,2,50.68,0,0
2019,12,4,Immobiliare,1,0.03,1.80,9,13,5,0,14,48.58,0,0
2019,8,15,Servizi veterinari,1,0.03,1.79,26,31,20,31,0,46.75,0,0
2019,10,1,Servizi veterinari,1,0.03,1.79,17,22,13,18,0,52.38,0,0
2019,10,4,Finanza e assicurazione,1,0.03,1.77,17,22,13,18,0,52.38,0,0
2019,12,7,Servizi veterinari,1,0.03,1.76,9,13,5,0,14,48.58,0,0
2019,6,2,Servizi veterinari,1,0.03,1.75,24,30,18,28,0,48.15,0,0
2019,11,1,Servizi veterinari,1,0.03,1.75,12,16,9,1,4,53.74,0,0
2019,2,12,Trasporto e magazzinaggio,1,0.03,1.73,9,14,4,0,15,59.41,0,0
2019,5,1,Servizi veterinari,1,0.03,1.73,14,19,10,5,2,50.68,0,0
2019,5,17,Servizi veterinari,1,0.03,1.73,14,19,10,5,2,50.68,0,0
2019,11,7,Servizi veterinari,1,0.03,1.73,12,16,9,1,4,53.74,0,0
2019,1,18,"Attività professionali, scientifiche e tecniche",1,0.03,1.73,6,10,2,0,22,67.65,0,0
2019,4,7,Servizi veterinari,1,0.03,1.73,15,20,10,12,1,52.24,0,0
2019,4,1,Servizi veterinari,1,0.03,1.72,15,20,10,12,1,52.24,0,0
2019,2,4,Immobiliare,1,0.03,1.69,9,14,4,0,15,59.41,0,0
2019,3,7,Servizi veterinari,1,0.03,1.69,12,18,7,8,5,52.83,0,0
2019,2,15,Servizi veterinari,1,0.03,1.68,9,14,4,0,15,59.41,0,0
2019,2,17,Servizi veterinari,1,0.03,1.68,9,14,4,0,15,59.41,0,0
2019,3,15,Servizi veterinari,1,0.03,1.68,12,18,7,8,5,52.83,0,0
2019,11,12,"Attività professionali, scientifiche e tecniche",1,0.03,1.68,12,16,9,1,4,53.74,0,0
2019,8,7,Istruzione,1,0.03,1.67,26,31,20,31,0,46.75,0,0
2019,9,12,"Attività professionali, scientifiche e tecniche",1,0.03,1.66,21,26,16,25,0,52.11,0,0
2019,4,4,Finanza e assicurazione,1,0.03,1.65,15,20,10,12,1,52.24,0,0
2019,1,2,Servizi veterinari,1,0.03,1.64,6,10,2,0,22,67.65,0,0
2019,8,18,"Attività professionali, scientifiche e tecniche",1,0.03,1.64,26,31,20,31,0,46.75,0,0
2019,11,19,Istruzione,1,0.03,1.64,12,16,9,1,4,53.74,0,0
2019,12,17,Servizi veterinari,1,0.03,1.64,9,13,5,0,14,48.58,0,0
2019,12,15,Servizi veterinari,1,0.03,1.64,9,13,5,0,14,48.58,0,0
2019,6,12,"Attività professionali, scientifiche e tecniche",1,0.03,1.62,24,30,18,28,0,48.15,0,0
2019,3,19,Istruzione,1,0.03,1.62,12,18,7,8,5,52.83,0,0
2019,6,19,Immobiliare,1,0.03,1.62,24,30,18,28,0,48.15,0,0
2019,1,7,Servizi veterinari,1,0.03,1.62,6,10,2,0,22,67.65,0,0
2019,2,19,Istruzione,1,0.03,1.62,9,14,4,0,15,59.41,0,0
2019,12,19,Immobiliare,1,0.03,1.62,9,13,5,0,14,48.58,0,0
2019,2,1,Servizi veterinari,1,0.03,1.62,9,14,4,0,15,59.41,0,0
2019,2,12,"Attività professionali, scientifiche e tecniche",1,0.03,1.62,9,14,4,0,15,59.41,0,0
2019,3,12,"Attività professionali, scientifiche e tecniche",1,0.03,1.61,12,18,7,8,5,52.83,0,0
2019,5,4,Finanza e assicurazione,1,0.03,1.61,14,19,10,5,2,50.68,0,0
2019,11,4,Finanza e assicurazione,1,0.03,1.61,12,16,9,1,4,53.74,0,0
2019,12,19,Istruzione,1,0.03,1.61,9,13,5,0,14,48.58,0,0
2019,3,17,Servizi veterinari,1,0.03,1.60,12,18,7,8,5,52.83,0,0
2019,7,18,"Attività professionali, scientifiche e tecniche",1,0.03,1.60,26,32,19,31,0,51.95,0,0
2019,2,19,Immobiliare,1,0.03,1.60,9,14,4,0,15,59.41,0,0
2019,4,12,Trasporto e magazzinaggio,1,0.03,1.60,15,20,10,12,1,52.24,0,0
2019,9,15,Servizi veterinari,1,0.03,1.60,21,26,16,25,0,52.11,0,0
2019,10,12,"Attività professionali, scientifiche e tecniche",1,0.03,1.59,17,22,13,18,0,52.38,0,0
2019,10,18,"Attività professionali, scientifiche e tecniche",1,0.03,1.59,17,22,13,18,0,52.38,0,0
2019,6,11,Istruzione,1,0.03,1.59,24,30,18,28,0,48.15,0,0
2019,11,15,Servizi veterinari,1,0.03,1.58,12,16,9,1,4,53.74,0,0
2019,2,7,Servizi veterinari,1,0.03,1.58,9,14,4,0,15,59.41,0,0
2019,12,2,Servizi veterinari,1,0.03,1.58,9,13,5,0,14,48.58,0,0
2019,11,4,Immobiliare,1,0.03,1.57,12,16,9,1,4,53.74,0,0
2019,1,19,Finanza e assicurazione,1,0.03,1.57,6,10,2,0,22,67.65,0,0
2019,5,4,Immobiliare,1,0.03,1.57,14,19,10,5,2,50.68,0,0
2019,1,2,Istruzione,1,0.03,1.57,6,10,2,0,22,67.65,0,0
2019,3,18,"Attività professionali, scientifiche e tecniche",1,0.03,1.57,12,18,7,8,5,52.83,0,0
2019,9,2,Servizi veterinari,1,0.03,1.56,21,26,16,25,0,52.11,0,0
2019,2,12,Amministrazione pubblica e difesa,1,0.03,1.55,9,14,4,0,15,59.41,0,0
2019,9,11,Istruzione,1,0.03,1.55,21,26,16,25,0,52.11,0,0
2019,11,17,Servizi veterinari,1,0.03,1.54,12,16,9,1,4,53.74,0,0
2019,3,4,Immobiliare,1,0.03,1.54,12,18,7,8,5,52.83,0,0
2019,2,18,"Attività professionali, scientifiche e tecniche",1,0.02,1.53,9,14,4,0,15,59.41,0,0
2019,6,15,Servizi veterinari,1,0.02,1.53,24,30,18,28,0,48.15,0,0
2019,9,18,"Attività professionali, scientifiche e tecniche",1,0.02,1.53,21,26,16,25,0,52.11,0,0
2019,6,18,"Attività professionali, scientifiche e tecniche",1,0.02,1.52,24,30,18,28,0,48.15,0,0
2019,3,2,Servizi veterinari,1,0.02,1.52,12,18,7,8,5,52.83,0,0
2019,5,19,Istruzione,1,0.02,1.52,14,19,10,5,2,50.68,0,0
2019,9,12,Trasporto e magazzinaggio,1,0.02,1.52,21,26,16,25,0,52.11,0,0
2019,10,19,Istruzione,1,0.02,1.49,17,22,13,18,0,52.38,0,0
2019,11,2,Servizi veterinari,1,0.02,1.49,12,16,9,1,4,53.74,0,0
2019,7,19,Finanza e assicurazione,1,0.02,1.49,26,32,19,31,0,51.95,0,0
2019,3,19,Immobiliare,1,0.02,1.48,12,18,7,8,5,52.83,0,0
2019,4,15,Servizi veterinari,1,0.02,1.48,15,20,10,12,1,52.24,0,0
2019,10,2,Servizi veterinari,1,0.02,1.48,17,22,13,18,0,52.38,0,0
2019,3,12,Amministrazione pubblica e difesa,1,0.02,1.47,12,18,7,8,5,52.83,0,0
2019,8,12,Informazione e comunicazione,1,0.02,1.47,26,31,20,31,0,46.75,0,0
2019,7,12,Informazione e comunicazione,1,0.02,1.47,26,32,19,31,0,51.95,0,0
2019,5,18,"Attività professionali, scientifiche e tecniche",1,0.02,1.47,14,19,10,5,2,50.68,0,0
2019,4,4,Immobiliare,1,0.02,1.46,15,20,10,12,1,52.24,0,0
2019,5,12,"Attività professionali, scientifiche e tecniche",1,0.02,1.46,14,19,10,5,2,50.68,0,0
2019,11,19,Immobiliare,1,0.02,1.46,12,16,9,1,4,53.74,0,0
2019,10,15,Servizi veterinari,1,0.02,1.46,17,22,13,18,0,52.38,0,0
2019,9,19,Immobiliare,1,0.02,1.46,21,26,16,25,0,52.11,0,0
2019,7,11,Istruzione,1,0.02,1.46,26,32,19,31,0,51.95,0,0
2019,2,2,Servizi veterinari,1,0.02,1.45,9,14,4,0,15,59.41,0,0
2019,12,12,Amministrazione pubblica e difesa,1,0.02,1.45,9,13,5,0,14,48.58,0,0
2019,5,2,Servizi veterinari,1,0.02,1.45,14,19,10,5,2,50.68,0,0
2019,4,17,Servizi veterinari,1,0.02,1.44,15,20,10,12,1,52.24,0,0
2019,4,2,Servizi veterinari,1,0.02,1.43,15,20,10,12,1,52.24,0,0
2019,4,18,"Attività professionali, scientifiche e tecniche",1,0.02,1.43,15,20,10,12,1,52.24,0,0
2019,4,12,"Attività professionali, scientifiche e tecniche",1,0.02,1.42,15,20,10,12,1,52.24,0,0
2019,1,12,Informazione e comunicazione,1,0.02,1.42,6,10,2,0,22,67.65,0,0
2019,2,2,Istruzione,1,0.02,1.39,9,14,4,0,15,59.41,0,0
2019,8,19,Finanza e assicurazione,1,0.02,1.38,26,31,20,31,0,46.75,0,0
2019,7,19,Istruzione,1,0.02,1.38,26,32,19,31,0,51.95,0,0
2019,4,19,Istruzione,1,0.02,1.38,15,20,10,12,1,52.24,0,0
2019,6,12,Informazione e comunicazione,1,0.02,1.37,24,30,18,28,0,48.15,0,0
2019,12,20,Immobiliare,1,0.02,1.37,9,13,5,0,14,48.58,0,0
2019,10,19,Immobiliare,1,0.02,1.36,17,22,13,18,0,52.38,0,0
2019,6,19,Istruzione,1,0.02,1.36,24,30,18,28,0,48.15,0,0
2019,5,15,Servizi veterinari,1,0.02,1.36,14,19,10,5,2,50.68,0,0
2019,5,19,Immobiliare,1,0.02,1.35,14,19,10,5,2,50.68,0,0
2019,12,2,Istruzione,1,0.02,1.35,9,13,5,0,14,48.58,0,0
2019,1,20,Immobiliare,1,0.02,1.35,6,10,2,0,22,67.65,0,0
2019,12,12,Informazione e comunicazione,1,0.02,1.34,9,13,5,0,14,48.58,0,0
2019,11,12,Amministrazione pubblica e difesa,1,0.02,1.34,12,16,9,1,4,53.74,0,0
2019,3,12,Informazione e comunicazione,1,0.02,1.33,12,18,7,8,5,52.83,0,0
2019,4,19,Immobiliare,1,0.02,1.32,15,20,10,12,1,52.24,0,0
2019,9,19,Istruzione,1,0.02,1.32,21,26,16,25,0,52.11,0,0
2019,3,2,Istruzione,1,0.02,1.32,12,18,7,8,5,52.83,0,0
2019,5,12,Amministrazione pubblica e difesa,1,0.02,1.32,14,19,10,5,2,50.68,0,0
2019,5,12,Informazione e comunicazione,1,0.02,1.30,14,19,10,5,2,50.68,0,0
2019,10,12,Informazione e comunicazione,1,0.02,1.29,17,22,13,18,0,52.38,0,0
2019,9,12,Informazione e comunicazione,1,0.02,1.29,21,26,16,25,0,52.11,0,0
2019,11,2,Istruzione,1,0.02,1.27,12,16,9,1,4,53.74,0,0
2019,8,12,Amministrazione pubblica e difesa,1,0.02,1.27,26,31,20,31,0,46.75,0,0
2019,7,12,Amministrazione pubblica e difesa,1,0.02,1.26,26,32,19,31,0,51.95,0,0
2019,1,12,Trasporto e magazzinaggio,1,0.02,1.26,6,10,2,0,22,67.65,0,0
2019,11,12,Informazione e comunicazione,1,0.02,1.26,12,16,9,1,4,53.74,0,0
2019,4,12,Informazione e comunicazione,1,0.02,1.26,15,20,10,12,1,52.24,0,0
2019,2,19,Finanza e assicurazione,1,0.02,1.25,9,14,4,0,15,59.41,0,0
2019,8,11,Istruzione,1,0.02,1.25,26,31,20,31,0,46.75,0,0
2019,4,12,Amministrazione pubblica e difesa,1,0.02,1.24,15,20,10,12,1,52.24,0,0
2019,2,12,Informazione e comunicazione,1,0.02,1.24,9,14,4,0,15,59.41,0,0
2019,6,19,Finanza e assicurazione,1,0.02,1.23,24,30,18,28,0,48.15,0,0
2019,2,20,Immobiliare,1,0.02,1.20,9,14,4,0,15,59.41,0,0
2019,10,12,Amministrazione pubblica e difesa,1,0.02,1.20,17,22,13,18,0,52.38,0,0
2019,6,12,Amministrazione pubblica e difesa,1,0.02,1.18,24,30,18,28,0,48.15,0,0
2019,3,19,Finanza e assicurazione,1,0.02,1.17,12,18,7,8,5,52.83,0,0
2019,8,19,Istruzione,1,0.02,1.16,26,31,20,31,0,46.75,0,0
2019,5,2,Istruzione,1,0.02,1.16,14,19,10,5,2,50.68,0,0
2019,3,20,Immobiliare,1,0.02,1.16,12,18,7,8,5,52.83,0,0
2019,10,20,Sanità e assistenza sociale,1,0.02,1.13,17,22,13,18,0,52.38,0,0
2019,7,11,Servizi veterinari,1,0.02,1.13,26,32,19,31,0,51.95,0,0
2019,8,11,Servizi veterinari,1,0.02,1.12,26,31,20,31,0,46.75,0,0
2019,9,12,Amministrazione pubblica e difesa,1,0.02,1.12,21,26,16,25,0,52.11,0,0
2019,4,2,Istruzione,1,0.02,1.11,15,20,10,12,1,52.24,0,0
2019,11,20,Immobiliare,1,0.02,1.10,12,16,9,1,4,53.74,0,0
2019,10,2,Istruzione,1,0.02,1.03,17,22,13,18,0,52.38,0,0
2019,4,19,Finanza e assicurazione,1,0.02,1.02,15,20,10,12,1,52.24,0,0
2019,7,20,Sanità e assistenza sociale,1,0.02,1.02,26,32,19,31,0,51.95,0,0
2019,12,19,Finanza e assicurazione,1,0.02,1.02,9,13,5,0,14,48.58,0,0
2019,5,19,Finanza e assicurazione,1,0.02,1.01,14,19,10,5,2,50.68,0,0
2019,1,20,Sanità e assistenza sociale,1,0.02,0.99,6,10,2,0,22,67.65,0,0
2019,4,20,Immobiliare,1,0.02,0.98,15,20,10,12,1,52.24,0,0
2019,1,11,Servizi veterinari,1,0.02,0.98,6,10,2,0,22,67.65,0,0
2019,6,11,Servizi veterinari,1,0.02,0.97,24,30,18,28,0,48.15,0,0
2019,8,20,Sanità e assistenza sociale,1,0.02,0.95,26,31,20,31,0,46.75,0,0
2019,6,20,Sanità e assistenza sociale,1,0.02,0.94,24,30,18,28,0,48.15,0,0
2019,9,19,Finanza e assicurazione,1,0.02,0.93,21,26,16,25,0,52.11,0,0
2019,8,20,Immobiliare,1,0.02,0.93,26,31,20,31,0,46.75,0,0
2019,12,11,Servizi veterinari,1,0.02,0.93,9,13,5,0,14,48.58,0,0
2019,1,2,Finanza e assicurazione,1,0.02,0.92,6,10,2,0,22,67.65,0,0
2019,7,20,Immobiliare,1,0.01,0.90,26,32,19,31,0,51.95,0,0
2019,11,19,Finanza e assicurazione,1,0.01,0.90,12,16,9,1,4,53.74,0,0
2019,9,20,Sanità e assistenza sociale,1,0.01,0.90,21,26,16,25,0,52.11,0,0
2019,9,11,Servizi veterinari,1,0.01,0.89,21,26,16,25,0,52.11,0,0
2019,10,20,Immobiliare,1,0.01,0.88,17,22,13,18,0,52.38,0,0
2019,6,2,Istruzione,1,0.01,0.87,24,30,18,28,0,48.15,0,0
2019,3,11,Servizi veterinari,1,0.01,0.86,12,18,7,8,5,52.83,0,0
2019,2,11,Servizi veterinari,1,0.01,0.85,9,14,4,0,15,59.41,0,0
2019,11,11,Servizi veterinari,1,0.01,0.85,12,16,9,1,4,53.74,0,0
2019,10,11,Servizi veterinari,1,0.01,0.84,17,22,13,18,0,52.38,0,0
2019,10,19,Finanza e assicurazione,1,0.01,0.84,17,22,13,18,0,52.38,0,0
2019,9,2,Istruzione,1,0.01,0.83,21,26,16,25,0,52.11,0,0
2019,12,18,Trasporto e magazzinaggio,1,0.01,0.83,9,13,5,0,14,48.58,0,0
2019,5,20,Immobiliare,1,0.01,0.83,14,19,10,5,2,50.68,0,0
2019,7,18,Sanità e assistenza sociale,1,0.01,0.82,26,32,19,31,0,51.95,0,0
2019,7,2,Istruzione,1,0.01,0.81,26,32,19,31,0,51.95,0,0
2019,1,18,Trasporto e magazzinaggio,1,0.01,0.81,6,10,2,0,22,67.65,0,0
2019,9,20,Immobiliare,1,0.01,0.80,21,26,16,25,0,52.11,0,0
2019,1,12,Istruzione,1,0.01,0.80,6,10,2,0,22,67.65,0,0
2019,7,9,Servizi veterinari,1,0.01,0.80,26,32,19,31,0,51.95,0,0
2019,1,9,Servizi veterinari,1,0.01,0.79,6,10,2,0,22,67.65,0,0
2019,6,20,Immobiliare,1,0.01,0.78,24,30,18,28,0,48.15,0,0
2019,4,11,Servizi veterinari,1,0.01,0.78,15,20,10,12,1,52.24,0,0
2019,5,11,Servizi veterinari,1,0.01,0.78,14,19,10,5,2,50.68,0,0
2019,7,2,Finanza e assicurazione,1,0.01,0.78,26,32,19,31,0,51.95,0,0
2019,12,9,Servizi veterinari,1,0.01,0.78,9,13,5,0,14,48.58,0,0
2019,11,9,Servizi veterinari,1,0.01,0.78,12,16,9,1,4,53.74,0,0
2019,8,18,Sanità e assistenza sociale,1,0.01,0.77,26,31,20,31,0,46.75,0,0
2019,2,2,Finanza e assicurazione,1,0.01,0.77,9,14,4,0,15,59.41,0,0
2019,7,12,Servizi veterinari,1,0.01,0.77,26,32,19,31,0,51.95,0,0
2019,8,2,Finanza e assicurazione,1,0.01,0.77,26,31,20,31,0,46.75,0,0
2019,8,9,Servizi veterinari,1,0.01,0.77,26,31,20,31,0,46.75,0,0
2019,8,12,Servizi veterinari,1,0.01,0.77,26,31,20,31,0,46.75,0,0
2019,11,20,Sanità e assistenza sociale,1,0.01,0.77,12,16,9,1,4,53.74,0,0
2019,1,18,Sanità e assistenza sociale,1,0.01,0.76,6,10,2,0,22,67.65,0,0
2019,4,9,Servizi veterinari,1,0.01,0.75,15,20,10,12,1,52.24,0,0
2019,5,20,Sanità e assistenza sociale,1,0.01,0.74,14,19,10,5,2,50.68,0,0
2019,6,18,Sanità e assistenza sociale,1,0.01,0.74,24,30,18,28,0,48.15,0,0
2019,12,18,Sanità e assistenza sociale,1,0.01,0.74,9,13,5,0,14,48.58,0,0
2019,5,9,Servizi veterinari,1,0.01,0.74,14,19,10,5,2,50.68,0,0
2019,3,9,Servizi veterinari,1,0.01,0.73,12,18,7,8,5,52.83,0,0
2019,12,20,Sanità e assistenza sociale,1,0.01,0.73,9,13,5,0,14,48.58,0,0
2019,10,9,Servizi veterinari,1,0.01,0.73,17,22,13,18,0,52.38,0,0
2019,2,9,Servizi veterinari,1,0.01,0.73,9,14,4,0,15,59.41,0,0
2019,7,18,Finanza e assicurazione,1,0.01,0.72,26,32,19,31,0,51.95,0,0
2019,3,2,Finanza e assicurazione,1,0.01,0.72,12,18,7,8,5,52.83,0,0
2019,8,2,Istruzione,1,0.01,0.71,26,31,20,31,0,46.75,0,0
2019,9,9,Servizi veterinari,1,0.01,0.71,21,26,16,25,0,52.11,0,0
2019,7,18,Trasporto e magazzinaggio,1,0.01,0.70,26,32,19,31,0,51.95,0,0
2019,8,18,Trasporto e magazzinaggio,1,0.01,0.70,26,31,20,31,0,46.75,0,0
2019,11,18,Sanità e assistenza sociale,1,0.01,0.70,12,16,9,1,4,53.74,0,0
2019,2,18,Trasporto e magazzinaggio,1,0.01,0.70,9,14,4,0,15,59.41,0,0
2019,6,12,Servizi veterinari,1,0.01,0.69,24,30,18,28,0,48.15,0,0
2019,2,12,Istruzione,1,0.01,0.69,9,14,4,0,15,59.41,0,0
2019,4,20,Sanità e assistenza sociale,1,0.01,0.69,15,20,10,12,1,52.24,0,0
2019,6,9,Servizi veterinari,1,0.01,0.69,24,30,18,28,0,48.15,0,0
2019,11,18,Trasporto e magazzinaggio,1,0.01,0.69,12,16,9,1,4,53.74,0,0
2019,2,20,Sanità e assistenza sociale,1,0.01,0.69,9,14,4,0,15,59.41,0,0
2019,3,20,Sanità e assistenza sociale,1,0.01,0.69,12,18,7,8,5,52.83,0,0
2019,3,18,Sanità e assistenza sociale,1,0.01,0.68,12,18,7,8,5,52.83,0,0
2019,1,12,Servizi veterinari,1,0.01,0.68,6,10,2,0,22,67.65,0,0
2019,6,2,Finanza e assicurazione,1,0.01,0.68,24,30,18,28,0,48.15,0,0
2019,8,18,Finanza e assicurazione,1,0.01,0.68,26,31,20,31,0,46.75,0,0
2019,10,18,Trasporto e magazzinaggio,1,0.01,0.68,17,22,13,18,0,52.38,0,0
2019,10,18,Sanità e assistenza sociale,1,0.01,0.68,17,22,13,18,0,52.38,0,0
2019,2,18,Sanità e assistenza sociale,1,0.01,0.67,9,14,4,0,15,59.41,0,0
2019,9,18,Sanità e assistenza sociale,1,0.01,0.67,21,26,16,25,0,52.11,0,0
2019,12,2,Finanza e assicurazione,1,0.01,0.67,9,13,5,0,14,48.58,0,0
2019,9,18,Trasporto e magazzinaggio,1,0.01,0.66,21,26,16,25,0,52.11,0,0
2019,3,12,Istruzione,1,0.01,0.65,12,18,7,8,5,52.83,0,0
2019,5,18,Sanità e assistenza sociale,1,0.01,0.65,14,19,10,5,2,50.68,0,0
2019,6,18,Finanza e assicurazione,1,0.01,0.65,24,30,18,28,0,48.15,0,0
2019,6,18,Trasporto e magazzinaggio,1,0.01,0.64,24,30,18,28,0,48.15,0,0
2019,4,18,Sanità e assistenza sociale,1,0.01,0.64,15,20,10,12,1,52.24,0,0
2019,3,18,Trasporto e magazzinaggio,1,0.01,0.64,12,18,7,8,5,52.83,0,0
2019,4,2,Finanza e assicurazione,1,0.01,0.64,15,20,10,12,1,52.24,0,0
2019,12,12,Servizi veterinari,1,0.01,0.63,9,13,5,0,14,48.58,0,0
2019,5,2,Finanza e assicurazione,1,0.01,0.63,14,19,10,5,2,50.68,0,0
2019,8,2,Immobiliare,1,0.01,0.62,26,31,20,31,0,46.75,0,0
2019,3,12,Servizi veterinari,1,0.01,0.62,12,18,7,8,5,52.83,0,0
2019,11,12,Servizi veterinari,1,0.01,0.61,12,16,9,1,4,53.74,0,0
2019,9,12,Servizi veterinari,1,0.01,0.61,21,26,16,25,0,52.11,0,0
2019,5,12,Servizi veterinari,1,0.01,0.60,14,19,10,5,2,50.68,0,0
2019,1,18,Finanza e assicurazione,1,0.01,0.60,6,10,2,0,22,67.65,0,0
2019,7,18,Amministrazione pubblica e difesa,1,0.01,0.60,26,32,19,31,0,51.95,0,0
2019,5,18,Trasporto e magazzinaggio,1,0.01,0.60,14,19,10,5,2,50.68,0,0
2019,10,12,Servizi veterinari,1,0.01,0.60,17,22,13,18,0,52.38,0,0
2019,7,2,Immobiliare,1,0.01,0.60,26,32,19,31,0,51.95,0,0
2019,9,2,Finanza e assicurazione,1,0.01,0.60,21,26,16,25,0,52.11,0,0
2019,8,18,Amministrazione pubblica e difesa,1,0.01,0.60,26,31,20,31,0,46.75,0,0
2019,2,12,Servizi veterinari,1,0.01,0.59,9,14,4,0,15,59.41,0,0
2019,9,18,Finanza e assicurazione,1,0.01,0.59,21,26,16,25,0,52.11,0,0
2019,4,12,Servizi veterinari,1,0.01,0.58,15,20,10,12,1,52.24,0,0
2019,1,12,Immobiliare,1,0.01,0.57,6,10,2,0,22,67.65,0,0
2019,11,2,Finanza e assicurazione,1,0.01,0.57,12,16,9,1,4,53.74,0,0
2019,12,18,Finanza e assicurazione,1,0.01,0.57,9,13,5,0,14,48.58,0,0
2019,1,2,Immobiliare,1,0.01,0.57,6,10,2,0,22,67.65,0,0
2019,10,18,Finanza e assicurazione,1,0.01,0.56,17,22,13,18,0,52.38,0,0
2019,10,2,Finanza e assicurazione,1,0.01,0.56,17,22,13,18,0,52.38,0,0
2019,5,18,Finanza e assicurazione,1,0.01,0.55,14,19,10,5,2,50.68,0,0
2019,3,18,Finanza e assicurazione,1,0.01,0.54,12,18,7,8,5,52.83,0,0
2019,2,18,Finanza e assicurazione,1,0.01,0.53,9,14,4,0,15,59.41,0,0
2019,4,18,Trasporto e magazzinaggio,1,0.01,0.53,15,20,10,12,1,52.24,0,0
2019,10,19,Servizi veterinari,1,0.01,0.53,17,22,13,18,0,52.38,0,0
2019,12,18,Amministrazione pubblica e difesa,1,0.01,0.53,9,13,5,0,14,48.58,0,0
2019,11,18,Finanza e assicurazione,1,0.01,0.53,12,16,9,1,4,53.74,0,0
2019,4,18,Finanza e assicurazione,1,0.01,0.53,15,20,10,12,1,52.24,0,0
2019,12,20,"Attività professionali, scientifiche e tecniche",1,0.01,0.53,9,13,5,0,14,48.58,0,0
2019,1,20,"Attività professionali, scientifiche e tecniche",1,0.01,0.52,6,10,2,0,22,67.65,0,0
2019,7,12,Istruzione,1,0.01,0.52,26,32,19,31,0,51.95,0,0
2019,1,18,Amministrazione pubblica e difesa,1,0.01,0.51,6,10,2,0,22,67.65,0,0
2019,6,18,Amministrazione pubblica e difesa,1,0.01,0.51,24,30,18,28,0,48.15,0,0
2019,12,12,Istruzione,1,0.01,0.50,9,13,5,0,14,48.58,0,0
2019,9,18,Amministrazione pubblica e difesa,1,0.01,0.50,21,26,16,25,0,52.11,0,0
2019,11,18,Amministrazione pubblica e difesa,1,0.01,0.49,12,16,9,1,4,53.74,0,0
2019,3,18,Amministrazione pubblica e difesa,1,0.01,0.49,12,18,7,8,5,52.83,0,0
2019,7,12,Immobiliare,1,0.01,0.48,26,32,19,31,0,51.95,0,0
2019,11,20,"Attività professionali, scientifiche e tecniche",1,0.01,0.48,12,16,9,1,4,53.74,0,0
2019,6,2,Immobiliare,1,0.01,0.48,24,30,18,28,0,48.15,0,0
2019,8,12,Immobiliare,1,0.01,0.47,26,31,20,31,0,46.75,0,0
2019,10,18,Amministrazione pubblica e difesa,1,0.01,0.47,17,22,13,18,0,52.38,0,0
2019,2,2,Immobiliare,1,0.01,0.47,9,14,4,0,15,59.41,0,0
2019,6,12,Istruzione,1,0.01,0.47,24,30,18,28,0,48.15,0,0
2019,11,12,Istruzione,1,0.01,0.47,12,16,9,1,4,53.74,0,0
2019,2,18,Amministrazione pubblica e difesa,1,0.01,0.47,9,14,4,0,15,59.41,0,0
2019,12,2,Immobiliare,1,0.01,0.47,9,13,5,0,14,48.58,0,0
2019,2,12,Immobiliare,1,0.01,0.46,9,14,4,0,15,59.41,0,0
2019,1,12,Finanza e assicurazione,1,0.01,0.46,6,10,2,0,22,67.65,0,0
2019,9,2,Immobiliare,1,0.01,0.46,21,26,16,25,0,52.11,0,0
2019,2,20,"Attività professionali, scientifiche e tecniche",1,0.01,0.46,9,14,4,0,15,59.41,0,0
2019,3,20,"Attività professionali, scientifiche e tecniche",1,0.01,0.45,12,18,7,8,5,52.83,0,0
2019,5,12,Istruzione,1,0.01,0.44,14,19,10,5,2,50.68,0,0
2019,4,12,Istruzione,1,0.01,0.43,15,20,10,12,1,52.24,0,0
2019,4,18,Amministrazione pubblica e difesa,1,0.01,0.43,15,20,10,12,1,52.24,0,0
2019,5,18,Amministrazione pubblica e difesa,1,0.01,0.42,14,19,10,5,2,50.68,0,0
2019,11,2,Immobiliare,1,0.01,0.42,12,16,9,1,4,53.74,0,0
2019,3,2,Immobiliare,1,0.01,0.41,12,18,7,8,5,52.83,0,0
2019,10,20,"Attività professionali, scientifiche e tecniche",1,0.01,0.41,17,22,13,18,0,52.38,0,0
2019,4,20,"Attività professionali, scientifiche e tecniche",1,0.01,0.40,15,20,10,12,1,52.24,0,0
2019,7,12,Finanza e assicurazione,1,0.01,0.40,26,32,19,31,0,51.95,0,0
2019,6,12,Immobiliare,1,0.01,0.40,24,30,18,28,0,48.15,0,0
2019,10,12,Istruzione,1,0.01,0.40,17,22,13,18,0,52.38,0,0
2019,10,2,Immobiliare,1,0.01,0.40,17,22,13,18,0,52.38,0,0
2019,8,12,Istruzione,1,0.01,0.40,26,31,20,31,0,46.75,0,0
2019,7,20,"Attività professionali, scientifiche e tecniche",1,0.01,0.40,26,32,19,31,0,51.95,0,0
2019,7,18,Servizi veterinari,1,0.01,0.39,26,32,19,31,0,51.95,0,0
2019,8,12,Finanza e assicurazione,1,0.01,0.38,26,31,20,31,0,46.75,0,0
2019,4,19,Servizi veterinari,1,0.01,0.38,15,20,10,12,1,52.24,0,0
2019,3,12,Immobiliare,1,0.01,0.38,12,18,7,8,5,52.83,0,0
2019,5,2,Immobiliare,1,0.01,0.37,14,19,10,5,2,50.68,0,0
2019,2,12,Finanza e assicurazione,1,0.01,0.37,9,14,4,0,15,59.41,0,0
2019,6,18,Servizi veterinari,1,0.01,0.37,24,30,18,28,0,48.15,0,0
2019,9,20,"Attività professionali, scientifiche e tecniche",1,0.01,0.37,21,26,16,25,0,52.11,0,0
2019,1,18,Servizi veterinari,1,0.01,0.36,6,10,2,0,22,67.65,0,0
2019,4,2,Immobiliare,1,0.01,0.36,15,20,10,12,1,52.24,0,0
2019,5,19,Servizi veterinari,1,0.01,0.36,14,19,10,5,2,50.68,0,0
2019,5,20,"Attività professionali, scientifiche e tecniche",1,0.01,0.36,14,19,10,5,2,50.68,0,0
2019,8,20,"Attività professionali, scientifiche e tecniche",1,0.01,0.36,26,31,20,31,0,46.75,0,0
2019,12,12,Immobiliare,1,0.01,0.36,9,13,5,0,14,48.58,0,0
2019,9,12,Immobiliare,1,0.01,0.35,21,26,16,25,0,52.11,0,0
2019,5,18,Servizi veterinari,1,0.01,0.35,14,19,10,5,2,50.68,0,0
2019,3,12,Finanza e assicurazione,1,0.01,0.35,12,18,7,8,5,52.83,0,0
2019,9,12,Istruzione,1,0.01,0.35,21,26,16,25,0,52.11,0,0
2019,6,12,Finanza e assicurazione,1,0.01,0.34,24,30,18,28,0,48.15,0,0
2019,6,20,"Attività professionali, scientifiche e tecniche",1,0.01,0.34,24,30,18,28,0,48.15,0,0
2019,8,18,Servizi veterinari,1,0.01,0.34,26,31,20,31,0,46.75,0,0
2019,5,12,Immobiliare,1,0.01,0.34,14,19,10,5,2,50.68,0,0
2019,3,18,Servizi veterinari,1,0.01,0.33,12,18,7,8,5,52.83,0,0
2019,4,12,Immobiliare,1,0.01,0.33,15,20,10,12,1,52.24,0,0
2019,11,12,Immobiliare,1,0.01,0.33,12,16,9,1,4,53.74,0,0
2019,4,18,Servizi veterinari,1,0.01,0.33,15,20,10,12,1,52.24,0,0
2019,11,19,Servizi veterinari,1,0.01,0.32,12,16,9,1,4,53.74,0,0
2019,7,20,Finanza e assicurazione,1,0.01,0.32,26,32,19,31,0,51.95,0,0
2019,2,18,Servizi veterinari,1,0.01,0.32,9,14,4,0,15,59.41,0,0
2019,10,12,Immobiliare,1,0.01,0.31,17,22,13,18,0,52.38,0,0
2019,4,12,Finanza e assicurazione,1,0.00,0.30,15,20,10,12,1,52.24,0,0
2019,1,20,Istruzione,1,0.00,0.30,6,10,2,0,22,67.65,0,0
2019,5,12,Finanza e assicurazione,1,0.00,0.30,14,19,10,5,2,50.68,0,0
2019,9,18,Servizi veterinari,1,0.00,0.29,21,26,16,25,0,52.11,0,0
2019,8,20,Finanza e assicurazione,1,0.00,0.29,26,31,20,31,0,46.75,0,0
2019,10,18,Servizi veterinari,1,0.00,0.29,17,22,13,18,0,52.38,0,0
2019,3,19,Servizi veterinari,1,0.00,0.29,12,18,7,8,5,52.83,0,0
2019,12,20,Finanza e assicurazione,1,0.00,0.29,9,13,5,0,14,48.58,0,0
2019,1,20,Finanza e assicurazione,1,0.00,0.28,6,10,2,0,22,67.65,0,0
2019,2,20,Istruzione,1,0.00,0.28,9,14,4,0,15,59.41,0,0
2019,12,20,Istruzione,1,0.00,0.27,9,13,5,0,14,48.58,0,0
2019,6,20,Finanza e assicurazione,1,0.00,0.27,24,30,18,28,0,48.15,0,0
2019,11,20,Istruzione,1,0.00,0.27,12,16,9,1,4,53.74,0,0
2019,12,12,Finanza e assicurazione,1,0.00,0.27,9,13,5,0,14,48.58,0,0
2019,6,19,Servizi veterinari,1,0.00,0.27,24,30,18,28,0,48.15,0,0
2019,3,20,Istruzione,1,0.00,0.27,12,18,7,8,5,52.83,0,0
2019,12,18,Servizi veterinari,1,0.00,0.26,9,13,5,0,14,48.58,0,0
2019,10,20,Istruzione,1,0.00,0.26,17,22,13,18,0,52.38,0,0
2019,3,20,Finanza e assicurazione,1,0.00,0.26,12,18,7,8,5,52.83,0,0
2019,9,20,Finanza e assicurazione,1,0.00,0.25,21,26,16,25,0,52.11,0,0
2019,11,20,Finanza e assicurazione,1,0.00,0.25,12,16,9,1,4,53.74,0,0
2019,2,20,Finanza e assicurazione,1,0.00,0.25,9,14,4,0,15,59.41,0,0
2019,11,18,Servizi veterinari,1,0.00,0.25,12,16,9,1,4,53.74,0,0
2019,5,20,Finanza e assicurazione,1,0.00,0.25,14,19,10,5,2,50.68,0,0
2019,9,12,Finanza e assicurazione,1,0.00,0.25,21,26,16,25,0,52.11,0,0
2019,7,19,Servizi veterinari,1,0.00,0.25,26,32,19,31,0,51.95,0,0
2019,10,20,Finanza e assicurazione,1,0.00,0.25,17,22,13,18,0,52.38,0,0
2019,11,12,Finanza e assicurazione,1,0.00,0.24,12,16,9,1,4,53.74,0,0
2019,4,20,Finanza e assicurazione,1,0.00,0.24,15,20,10,12,1,52.24,0,0
2019,4,20,Istruzione,1,0.00,0.23,15,20,10,12,1,52.24,0,0
2019,10,12,Finanza e assicurazione,1,0.00,0.23,17,22,13,18,0,52.38,0,0
2019,5,20,Istruzione,1,0.00,0.23,14,19,10,5,2,50.68,0,0
2019,12,19,Servizi veterinari,1,0.00,0.21,9,13,5,0,14,48.58,0,0
2019,8,19,Servizi veterinari,1,0.00,0.20,26,31,20,31,0,46.75,0,0
2019,9,20,Istruzione,1,0.00,0.20,21,26,16,25,0,52.11,0,0
2019,6,20,Istruzione,1,0.00,0.19,24,30,18,28,0,48.15,0,0
2019,7,20,Istruzione,1,0.00,0.18,26,32,19,31,0,51.95,0,0
2019,2,19,Servizi veterinari,1,0.00,0.18,9,14,4,0,15,59.41,0,0
2019,8,20,Istruzione,1,0.00,0.17,26,31,20,31,0,46.75,0,0
2019,9,19,Servizi veterinari,1,0.00,0.16,21,26,16,25,0,52.11,0,0
2019,1,19,Servizi veterinari,1,0.00,0.15,6,10,2,0,22,67.65,0,0
2019,7,20,Servizi veterinari,1,0.00,0.11,26,32,19,31,0,51.95,0,0
2019,12,18,Istruzione,1,0.00,0.11,9,13,5,0,14,48.58,0,0
2019,1,20,Servizi veterinari,1,0.00,0.11,6,10,2,0,22,67.65,0,0
2019,8,20,Servizi veterinari,1,0.00,0.10,26,31,20,31,0,46.75,0,0
2019,11,18,Istruzione,1,0.00,0.10,12,16,9,1,4,53.74,0,0
2019,1,18,Istruzione,1,0.00,0.10,6,10,2,0,22,67.65,0,0
2019,12,20,Servizi veterinari,1,0.00,0.10,9,13,5,0,14,48.58,0,0
2019,10,18,Istruzione,1,0.00,0.10,17,22,13,18,0,52.38,0,0
2019,2,18,Istruzione,1,0.00,0.09,9,14,4,0,15,59.41,0,0
2019,3,18,Istruzione,1,0.00,0.09,12,18,7,8,5,52.83,0,0
2019,2,20,Servizi veterinari,1,0.00,0.09,9,14,4,0,15,59.41,0,0
2019,6,20,Servizi veterinari,1,0.00,0.09,24,30,18,28,0,48.15,0,0
2019,3,20,Servizi veterinari,1,0.00,0.09,12,18,7,8,5,52.83,0,0
2019,11,20,Servizi veterinari,1,0.00,0.09,12,16,9,1,4,53.74,0,0
2019,9,20,Servizi veterinari,1,0.00,0.09,21,26,16,25,0,52.11,0,0
2019,4,18,Istruzione,1,0.00,0.09,15,20,10,12,1,52.24,0,0
2019,10,20,Servizi veterinari,1,0.00,0.09,17,22,13,18,0,52.38,0,0
2019,9,18,Istruzione,1,0.00,0.08,21,26,16,25,0,52.11,0,0
2019,5,18,Istruzione,1,0.00,0.08,14,19,10,5,2,50.68,0,0
2019,4,20,Servizi veterinari,1,0.00,0.08,15,20,10,12,1,52.24,0,0
2019,5,20,Servizi veterinari,1,0.00,0.08,14,19,10,5,2,50.68,0,0
2019,6,18,Istruzione,1,0.00,0.07,24,30,18,28,0,48.15,0,0
2019,7,18,Istruzione,1,0.00,0.06,26,32,19,31,0,51.95,0,0
2019,8,18,Istruzione,1,0.00,0.06,26,31,20,31,0,46.75,0,0